   7.3645600e+05	   2.4100000e+00	   2.1457569e+01	  -1.0100000e+02	  -7.9000000e+01	
   7.3645604e+05	   3.1600000e+00	  -4.3682429e-02	  -2.3100000e+02	  -2.1800000e+02	
   7.3645608e+05	   2.8500000e+00	  -5.0990729e-02	  -2.1000000e+02	  -2.3900000e+02	
   7.3645613e+05	   2.8000000e+00	  -3.7810685e-02	  -2.0200000e+02	  -1.8500000e+02	
   7.3645617e+05	   2.9600000e+00	   3.0916137e-01	  -1.3800000e+02	  -1.2500000e+02	
   7.3645621e+05	   3.1200000e+00	   5.0485208e+01	  -9.1000000e+01	  -1.1000000e+01	
   7.3645625e+05	   3.1500000e+00	   1.6208377e+02	   1.4100000e+02	   3.5000000e+01	
   7.3645629e+05	   3.2400000e+00	   3.1083130e+02	   1.8600000e+02	   2.2000000e+02	
   7.3645633e+05	   1.8500000e+00	   9.0985583e+02	   9.9000000e+01	   5.7000000e+01	
   7.3645638e+05	   1.4600000e+00	   1.0705379e+03	   1.6700000e+02	   2.6200000e+02	
   7.3645642e+05	   1.7500000e+00	   1.0768224e+03	   4.7000000e+01	   1.2200000e+02	
   7.3645646e+05	   1.4200000e+00	   1.9928890e+03	   5.8000000e+01	   1.0300000e+02	
   7.3645650e+05	   1.6000000e+00	   1.9898125e+03	  -2.8000000e+01	  -8.6000000e+01	
   7.3645654e+05	   1.4600000e+00	   1.8467117e+03	  -1.6600000e+02	  -1.1400000e+02	
   7.3645658e+05	   1.6700000e+00	   1.7107673e+03	  -2.4300000e+02	  -2.1800000e+02	
   7.3645663e+05	   1.5400000e+00	   1.4007319e+03	  -2.1600000e+02	  -1.8600000e+02	
   7.3645667e+05	   2.5400000e+00	   1.0145252e+03	  -1.1800000e+02	  -1.4600000e+02	
   7.3645671e+05	   2.9800000e+00	   6.9990320e+02	  -4.0000000e+00	   1.8000000e+01	
   7.3645675e+05	   3.8100000e+00	   9.3581640e+01	   1.0400000e+02	   1.0800000e+02	
   7.3645679e+05	   3.0700000e+00	   7.2810966e-01	   2.1200000e+02	   2.4600000e+02	
   7.3645683e+05	   3.9200000e+00	  -3.7964104e-02	   1.8700000e+02	   2.7700000e+02	
   7.3645688e+05	   3.1200000e+00	  -3.7336483e-02	   2.1300000e+02	   2.8800000e+02	
   7.3645692e+05	   3.5100000e+00	  -6.1116349e-02	   1.8100000e+02	   1.9100000e+02	
   7.3645696e+05	   3.5300000e+00	  -5.6095380e-02	   9.4000000e+01	   2.0300000e+02	
   7.3645700e+05	   3.7500000e+00	  -6.7936499e-02	  -2.0000000e+01	   4.0000000e+00	
   7.3645704e+05	   3.5400000e+00	  -5.4254358e-02	  -7.6000000e+01	  -1.4100000e+02	
   7.3645708e+05	   3.5600000e+00	  -4.5983707e-02	  -1.5200000e+02	  -1.4900000e+02	
   7.3645713e+05	   3.5800000e+00	  -5.3905680e-02	  -2.5200000e+02	  -2.1600000e+02	
   7.3645717e+05	   3.2500000e+00	   2.4391523e-01	  -1.4600000e+02	  -1.4000000e+02	
   7.3645721e+05	   3.2100000e+00	   1.3163119e+02	  -8.9000000e+01	  -6.9000000e+01	
   7.3645725e+05	   3.7500000e+00	   3.7250882e+02	   1.9000000e+01	   0.0000000e+00	
   7.3645729e+05	   3.9600000e+00	   3.7034649e+02	   1.0700000e+02	   1.1100000e+02	
   7.3645733e+05	   4.8100000e+00	   3.5171949e+02	   1.5100000e+02	   1.7200000e+02	
   7.3645738e+05	   4.4700000e+00	   2.4196953e+02	   1.9400000e+02	   1.2000000e+02	
   7.3645742e+05	   3.8600000e+00	   4.6874135e+02	   2.2400000e+02	   2.0100000e+02	
   7.3645746e+05	   2.1800000e+00	   9.8385297e+02	   1.9400000e+02	   1.1400000e+02	
   7.3645750e+05	   4.1500000e+00	   3.8826624e+02	   1.2500000e+02	   1.1100000e+02	
   7.3645754e+05	   3.2400000e+00	   7.6235708e+02	  -2.2000000e+01	  -8.0000000e+01	
   7.3645758e+05	   4.5300000e+00	   2.9306274e+02	  -1.7300000e+02	  -1.1100000e+02	
   7.3645763e+05	   4.0900000e+00	   2.2380198e+02	  -2.0300000e+02	  -1.8200000e+02	
   7.3645767e+05	   4.4100000e+00	   1.1950884e+02	  -1.8700000e+02	  -1.9800000e+02	
   7.3645771e+05	   4.5800000e+00	   8.5829799e+01	  -1.0900000e+02	  -1.1500000e+02	
   7.3645775e+05	   4.1200000e+00	   1.8749602e+01	  -3.3000000e+01	   1.2000000e+01	
   7.3645779e+05	   3.7400000e+00	   1.2252625e-01	   9.1000000e+01	   1.3200000e+02	
   7.3645783e+05	   4.9200000e+00	  -4.6932112e-02	   1.4400000e+02	   2.2400000e+02	
   7.3645788e+05	   3.9600000e+00	  -5.2050711e-02	   2.3400000e+02	   2.4500000e+02	
   7.3645792e+05	   3.6400000e+00	  -4.1018527e-02	   2.5300000e+02	   3.2700000e+02	
   7.3645796e+05	   3.7400000e+00	  -5.2092552e-02	   1.5300000e+02	   2.0900000e+02	
   7.3645800e+05	   3.5500000e+00	  -4.4895830e-02	   6.1000000e+01	   1.2200000e+02	
   7.3645804e+05	   3.5800000e+00	  -5.2357548e-02	  -3.5000000e+01	   8.0000000e+00	
   7.3645808e+05	   3.7200000e+00	  -4.7448156e-02	  -1.4200000e+02	  -1.8700000e+02	
   7.3645813e+05	   4.1300000e+00	  -4.9205495e-02	  -2.0100000e+02	  -1.8300000e+02	
   7.3645817e+05	   3.3600000e+00	   1.7373930e-01	  -2.3600000e+02	  -2.2700000e+02	
   7.3645821e+05	   3.5700000e+00	   4.4122291e+01	  -1.3100000e+02	  -1.1500000e+02	
   7.3645825e+05	   3.7800000e+00	   1.3771198e+02	  -3.7000000e+01	  -2.2000000e+01	
   7.3645829e+05	   3.7300000e+00	   1.7977872e+02	   6.4000000e+01	   8.0000000e+00	
   7.3645833e+05	   5.0600000e+00	   3.2715653e+02	   1.4700000e+02	   1.2900000e+02	
   7.3645838e+05	   3.3400000e+00	   5.1724614e+02	   1.8400000e+02	   2.2200000e+02	
   7.3645842e+05	   2.5000000e+00	   8.0069659e+02	   1.3100000e+02	   1.9400000e+02	
   7.3645846e+05	   3.3400000e+00	   4.8525645e+02	   1.3900000e+02	   2.8100000e+02	
   7.3645850e+05	   4.0300000e+00	   1.4204455e+02	   9.5000000e+01	   1.6700000e+02	
   7.3645854e+05	   4.7200000e+00	   1.2894800e+02	   1.1200000e+02	   1.0600000e+02	
   7.3645858e+05	   3.9800000e+00	   1.7001266e+02	  -7.1000000e+01	  -5.1000000e+01	
   7.3645863e+05	   3.8500000e+00	   3.6776345e+02	  -1.8700000e+02	  -1.7200000e+02	
   7.3645867e+05	   3.6000000e+00	   4.9258744e+02	  -1.9700000e+02	  -1.7300000e+02	
   7.3645871e+05	   3.9100000e+00	   1.7990318e+02	  -1.0400000e+02	  -1.4800000e+02	
   7.3645875e+05	   4.0300000e+00	   4.6106804e+01	  -4.0000000e+01	  -6.4000000e+01	
   7.3645879e+05	   3.7900000e+00	   1.1718318e+00	   5.0000000e+00	   1.8000000e+01	
   7.3645883e+05	   4.1100000e+00	  -4.0558271e-02	   1.0100000e+02	   1.0100000e+02	
   7.3645888e+05	   4.0000000e+00	  -4.6792641e-02	   1.7900000e+02	   1.9300000e+02	
   7.3645892e+05	   3.5100000e+00	  -5.3863839e-02	   2.1100000e+02	   1.9100000e+02	
   7.3645896e+05	   3.1100000e+00	  -4.4951619e-02	   6.3000000e+01	   1.2300000e+02	
   7.3645900e+05	   3.2000000e+00	  -5.6876420e-02	   7.0000000e+01	   5.2000000e+01	
   7.3645904e+05	   3.2700000e+00	  -6.5914164e-02	  -2.3000000e+01	  -3.6000000e+01	
   7.3645908e+05	   3.2400000e+00	  -7.3389829e-02	  -2.3400000e+02	  -1.3800000e+02	
   7.3645913e+05	   3.1500000e+00	  -6.7099671e-02	  -2.4800000e+02	  -1.9500000e+02	
   7.3645917e+05	   3.2000000e+00	   7.8187890e-01	  -2.5600000e+02	  -1.7300000e+02	
   7.3645921e+05	   3.3800000e+00	   1.0858908e+02	  -2.2600000e+02	  -1.5500000e+02	
   7.3645925e+05	   3.4700000e+00	   5.9831513e+02	  -7.9000000e+01	  -1.1300000e+02	
   7.3645929e+05	   2.6400000e+00	   9.8638589e+02	  -3.6000000e+01	  -3.7000000e+01	
   7.3645933e+05	   2.6600000e+00	   1.3226928e+03	             NaN	             NaN	
   7.3645938e+05	   1.9100000e+00	   1.7551519e+03	   1.6000000e+02	   1.1600000e+02	
   7.3645942e+05	   1.9900000e+00	   1.8941216e+03	   1.5400000e+02	   1.3600000e+02	
   7.3645946e+05	   1.5700000e+00	   2.0419715e+03	   1.6000000e+02	   1.6000000e+01	
   7.3645950e+05	   2.5300000e+00	   1.0231254e+03	   7.8000000e+01	   9.0000000e+00	
   7.3645954e+05	   3.3200000e+00	   7.3755928e+02	   5.2000000e+01	   6.6000000e+01	
   7.3645958e+05	   1.8000000e+00	   1.7774342e+03	  -3.9000000e+01	  -5.8000000e+01	
   7.3645963e+05	   1.6700000e+00	   1.2626256e+03	  -1.2900000e+02	  -1.5000000e+02	
   7.3645967e+05	   3.2600000e+00	   5.0991945e+02	  -2.4000000e+02	  -1.9400000e+02	
   7.3645971e+05	   3.8200000e+00	   2.3891795e+02	  -1.7700000e+02	  -1.7900000e+02	
   7.3645975e+05	   3.5400000e+00	   9.9060600e+01	  -1.1600000e+02	  -1.3700000e+02	
   7.3645979e+05	   3.4900000e+00	   1.6956777e+00	  -4.7000000e+01	  -1.3100000e+02	
   7.3645983e+05	   3.4100000e+00	  -2.7434016e-02	  -2.7000000e+01	   4.7000000e+01	
   7.3645988e+05	   3.2800000e+00	  -4.4923725e-02	   1.0400000e+02	   1.3000000e+02	
   7.3645992e+05	   3.5000000e+00	  -4.5049249e-02	   1.8200000e+02	   2.3700000e+02	
   7.3645996e+05	   3.3300000e+00	  -5.4156728e-02	   2.1700000e+02	   1.6600000e+02	
   7.3646000e+05	   3.2100000e+00	  -5.5272499e-02	   1.1200000e+02	   6.8000000e+01	
   7.3646004e+05	   2.8500000e+00	  -5.4338041e-02	   2.7000000e+01	   2.3000000e+01	
   7.3646008e+05	   2.7700000e+00	  -6.3557098e-02	             NaN	             NaN	
   7.3646013e+05	   3.2700000e+00	  -5.2245971e-02	  -1.2100000e+02	  -1.1500000e+02	
   7.3646017e+05	   3.0900000e+00	   1.0344168e+00	  -1.9300000e+02	  -1.7000000e+02	
   7.3646021e+05	   3.5600000e+00	   1.1299611e+02	  -2.2500000e+02	  -2.2000000e+02	
   7.3646025e+05	   2.4300000e+00	   4.6081758e+02	  -1.8800000e+02	  -2.0200000e+02	
   7.3646029e+05	   1.7600000e+00	   9.2756078e+02	  -1.2300000e+02	  -1.2300000e+02	
   7.3646033e+05	   1.5600000e+00	   1.3018964e+03	  -2.4000000e+01	  -4.8000000e+01	
   7.3646038e+05	   2.0500000e+00	   1.5471257e+03	   4.0000000e+01	   7.4000000e+01	
   7.3646042e+05	   1.2000000e+00	   1.7567304e+03	   1.3800000e+02	   1.0700000e+02	
   7.3646046e+05	   1.1800000e+00	   1.9152009e+03	   1.5100000e+02	   1.5400000e+02	
   7.3646050e+05	   1.1600000e+00	   1.8717985e+03	   1.6600000e+02	   1.1100000e+02	
   7.3646054e+05	   1.1300000e+00	   1.7924035e+03	   1.1000000e+02	  -2.2000000e+01	
   7.3646058e+05	   1.1200000e+00	   1.5644167e+03	   2.6000000e+01	   4.0000000e+01	
   7.3646063e+05	   1.1200000e+00	   1.2894370e+03	  -3.8000000e+01	  -3.3000000e+01	
   7.3646067e+05	   1.3200000e+00	   9.9048171e+02	  -1.4800000e+02	  -5.8000000e+01	
   7.3646071e+05	   2.1900000e+00	   5.9466844e+02	  -1.1500000e+02	  -8.0000000e+01	
   7.3646075e+05	   3.0800000e+00	   1.9948996e+02	  -1.8200000e+02	  -1.2800000e+02	
   7.3646079e+05	   3.2300000e+00	   2.2423542e+00	  -8.3000000e+01	  -4.2000000e+01	
   7.3646083e+05	   3.6800000e+00	  -4.0879055e-02	   1.2000000e+01	   3.2000000e+01	
   7.3646088e+05	   3.2700000e+00	  -4.8842870e-02	  -6.0000000e+00	   2.4000000e+01	
   7.3646092e+05	   3.1100000e+00	  -3.9145042e-02	   1.2800000e+02	   1.3200000e+02	
   7.3646096e+05	   2.8600000e+00	  -4.1911143e-02	   1.7500000e+02	   1.9100000e+02	
   7.3646100e+05	   3.1500000e+00	  -6.3738411e-02	   1.5000000e+02	   1.2300000e+02	
   7.3646104e+05	   3.0000000e+00	  -6.5579433e-02	   7.7000000e+01	   2.7000000e+01	
   7.3646108e+05	   2.7700000e+00	  -5.7434305e-02	   1.2000000e+01	   3.1000000e+01	
   7.3646113e+05	   2.6800000e+00	  -7.5537688e-02	  -2.5000000e+01	  -7.0000000e+01	
   7.3646117e+05	   3.1400000e+00	   1.1910319e+00	  -1.2200000e+02	  -9.9000000e+01	
   7.3646121e+05	   3.5900000e+00	   1.2302158e+02	  -1.7400000e+02	  -1.5600000e+02	
   7.3646125e+05	   2.6500000e+00	   4.8057999e+02	  -2.0500000e+02	  -1.8900000e+02	
   7.3646129e+05	   1.5700000e+00	   8.9430989e+02	  -1.6600000e+02	  -1.5600000e+02	
   7.3646133e+05	   1.4700000e+00	   1.2984601e+03	  -1.1500000e+02	  -1.0400000e+02	
   7.3646138e+05	   1.3000000e+00	   1.6662962e+03	  -3.5000000e+01	  -2.3000000e+01	
   7.3646142e+05	   1.2000000e+00	   1.8496804e+03	   3.2000000e+01	  -1.4000000e+01	
   7.3646146e+05	   1.5400000e+00	   1.9511915e+03	   1.0400000e+02	   9.0000000e+01	
   7.3646150e+05	   1.3800000e+00	   1.9575639e+03	   1.1400000e+02	   1.4400000e+02	
   7.3646154e+05	   1.5200000e+00	   1.8400902e+03	   8.8000000e+01	   1.8300000e+02	
   7.3646158e+05	   1.3500000e+00	   1.5976437e+03	   7.0000000e+00	   3.9000000e+01	
   7.3646163e+05	   1.4600000e+00	   1.3210199e+03	   2.2000000e+01	   3.0000000e+00	
   7.3646167e+05	   1.6800000e+00	   9.9061045e+02	  -5.1000000e+01	  -2.7000000e+01	
   7.3646171e+05	   3.0000000e+00	   6.0205511e+02	  -7.1000000e+01	  -4.8000000e+01	
   7.3646175e+05	   3.5900000e+00	   1.9223205e+02	  -1.6400000e+02	  -8.7000000e+01	
   7.3646179e+05	   3.1900000e+00	  -2.0662709e+01	  -1.1700000e+02	  -1.0500000e+02	
   7.3646183e+05	   3.4500000e+00	  -2.9023990e-02	  -3.5000000e+01	   3.0000000e+00	
   7.3646188e+05	   3.5000000e+00	  -3.8382518e-02	   5.0000000e+00	   5.3000000e+01	
   7.3646192e+05	   3.2400000e+00	  -7.1116446e-02	   4.0000000e+00	   5.5000000e+01	
   7.3646196e+05	   3.3800000e+00	  -4.9707592e-02	   1.0100000e+02	   1.4400000e+02	
   7.3646200e+05	   3.4600000e+00	  -5.6165116e-02	             NaN	             NaN	
   7.3646204e+05	   3.1900000e+00	  -5.7824825e-02	   1.7300000e+02	   1.8100000e+02	
   7.3646208e+05	   3.1800000e+00	  -6.3152631e-02	   8.9000000e+01	   1.3400000e+02	
   7.3646213e+05	   3.3100000e+00	  -5.7099574e-02	   1.1000000e+01	   6.1000000e+01	
   7.3646217e+05	   3.3200000e+00	   1.4657182e+00	  -4.3000000e+01	   1.0000000e+01	
   7.3646221e+05	   3.5000000e+00	   1.4291481e+02	  -6.6000000e+01	  -1.0100000e+02	
   7.3646225e+05	   3.0000000e+00	   4.3501890e+02	  -1.6500000e+02	  -1.3400000e+02	
   7.3646229e+05	   2.0800000e+00	   8.2626340e+02	  -2.2000000e+02	  -1.7000000e+02	
   7.3646233e+05	   1.4600000e+00	   1.2275683e+03	  -1.4300000e+02	  -1.2000000e+02	
   7.3646238e+05	   1.2000000e+00	   1.5679773e+03	  -1.0300000e+02	  -1.1300000e+02	
   7.3646242e+05	   1.4200000e+00	   1.7977938e+03	  -2.9000000e+01	  -4.6000000e+01	
   7.3646246e+05	   1.9900000e+00	   1.9025932e+03	   4.2000000e+01	   2.5000000e+01	
   7.3646250e+05	   1.1200000e+00	   1.8600143e+03	   9.6000000e+01	   9.2000000e+01	
   7.3646254e+05	   1.3300000e+00	   1.6804068e+03	   1.3800000e+02	   9.1000000e+01	
   7.3646258e+05	   1.5200000e+00	   1.4607913e+03	   9.5000000e+01	   5.7000000e+01	
   7.3646263e+05	   1.8500000e+00	   1.1901864e+03	   5.3000000e+01	   2.0000000e+01	
   7.3646267e+05	   2.5100000e+00	   8.9069436e+02	  -4.9000000e+01	   6.0000000e+00	
   7.3646271e+05	   4.4600000e+00	   4.8892835e+02	  -4.2000000e+01	  -4.9000000e+01	
   7.3646275e+05	   4.8100000e+00	   1.1376794e+02	  -2.7000000e+01	  -6.0000000e+01	
   7.3646279e+05	   3.9700000e+00	   1.8167595e+00	  -1.0900000e+02	  -1.0700000e+02	
   7.3646283e+05	   3.9800000e+00	  -3.4774077e-02	  -1.5400000e+02	  -1.0300000e+02	
   7.3646288e+05	   4.2700000e+00	  -2.9827021e-02	  -1.8000000e+02	  -8.3000000e+01	
   7.3646292e+05	   4.6000000e+00	  -2.2859356e-02	  -1.9000000e+01	  -1.4000000e+01	
   7.3646296e+05	   4.2400000e+00	  -4.1060368e-02	   1.0000000e+00	   3.9000000e+01	
   7.3646300e+05	   4.0600000e+00	  -3.6792544e-02	   1.0300000e+02	   4.4000000e+01	
   7.3646304e+05	   3.9100000e+00	  -2.0502290e-02	   1.4700000e+02	   1.9000000e+02	
   7.3646308e+05	   3.4400000e+00	  -2.6555347e-02	   1.1300000e+02	   1.9100000e+02	
   7.3646313e+05	   3.6900000e+00	  -4.4686623e-02	   9.2000000e+01	   1.2900000e+02	
   7.3646317e+05	   3.6000000e+00	   1.4735288e+00	   4.7000000e+01	   5.9000000e+01	
   7.3646321e+05	   4.0100000e+00	   1.4627253e+02	  -4.0000000e+00	  -1.4000000e+01	
   7.3646325e+05	   3.2500000e+00	   3.9917250e+02	  -7.6000000e+01	  -1.1500000e+02	
   7.3646329e+05	   3.3000000e+00	   5.7072575e+02	  -1.6300000e+02	  -1.1400000e+02	
   7.3646333e+05	   2.2600000e+00	   8.9979105e+02	  -1.7800000e+02	  -1.7200000e+02	
   7.3646338e+05	   2.8900000e+00	   8.7025841e+02	  -1.4500000e+02	  -1.3800000e+02	
   7.3646342e+05	   3.7600000e+00	   5.9152728e+02	  -1.0500000e+02	  -6.1000000e+01	
   7.3646346e+05	   3.6800000e+00	   6.8218125e+02	   3.6000000e+01	   6.0000000e+00	
   7.3646350e+05	   4.9500000e+00	   4.1523029e+02	   1.2000000e+01	   3.7000000e+01	
   7.3646354e+05	   5.6200000e+00	   1.8146658e+02	   8.2000000e+01	   1.1900000e+02	
   7.3646358e+05	   6.9800000e+00	   2.3322982e+02	   1.1100000e+02	   1.0600000e+02	
   7.3646363e+05	   6.0000000e+00	   3.4571678e+02	   8.9000000e+01	   1.3400000e+02	
   7.3646367e+05	   5.7000000e+00	   6.6835080e+01	   4.8000000e+01	   6.0000000e+01	
   7.3646371e+05	   5.5900000e+00	   1.2812501e+02	  -1.3000000e+01	   3.3000000e+01	
   7.3646375e+05	   5.6400000e+00	   3.1956347e+01	  -2.9000000e+01	  -5.0000000e+00	
   7.3646379e+05	   5.3200000e+00	   5.4496036e-01	  -1.6400000e+02	  -7.7000000e+01	
   7.3646383e+05	   5.7300000e+00	  -3.6627587e-02	  -1.5100000e+02	  -9.9000000e+01	
   7.3646388e+05	   5.6500000e+00	  -3.2929188e-02	  -1.1700000e+02	  -1.3600000e+02	
   7.3646392e+05	   5.8000000e+00	  -2.9832924e-02	  -1.1000000e+02	  -7.8000000e+01	
   7.3646396e+05	   5.1800000e+00	  -3.0735859e-02	  -3.4000000e+01	   1.0000000e+01	
   7.3646400e+05	   5.8200000e+00	  -3.2468932e-02	   0.0000000e+00	   4.6000000e+01	
   7.3646404e+05	   6.1600000e+00	  -2.7373865e-02	   7.0000000e+01	   6.3000000e+01	
   7.3646408e+05	   5.8300000e+00	  -3.0498369e-02	   1.3100000e+02	   1.4500000e+02	
   7.3646413e+05	   5.1400000e+00	  -2.9808327e-02	   8.8000000e+01	   1.3300000e+02	
   7.3646417e+05	   5.3900000e+00	   1.2392685e+00	   6.3000000e+01	   1.3000000e+02	
   7.3646421e+05	   5.2700000e+00	   6.9072547e+01	   3.7000000e+01	   3.9000000e+01	
   7.3646425e+05	   5.7000000e+00	   2.7834181e+02	  -5.3000000e+01	   1.3000000e+01	
   7.3646429e+05	   2.8000000e+00	   9.2757999e+02	  -4.0000000e+01	  -1.0100000e+02	
   7.3646433e+05	   2.6600000e+00	   1.3356285e+03	  -1.4100000e+02	  -1.2300000e+02	
   7.3646438e+05	   1.4500000e+00	   1.6667852e+03	  -1.4400000e+02	  -1.4000000e+02	
   7.3646442e+05	   1.6700000e+00	   1.8934172e+03	  -9.8000000e+01	  -1.4800000e+02	
   7.3646446e+05	   1.0800000e+00	   1.9858834e+03	  -2.3000000e+01	  -5.2000000e+01	
   7.3646450e+05	   1.4000000e+00	   1.9102435e+03	   1.1000000e+01	   0.0000000e+00	
   7.3646454e+05	   2.2500000e+00	   1.6772153e+03	   2.2000000e+01	   1.0100000e+02	
   7.3646458e+05	   2.2900000e+00	   9.9180641e+02	   1.0400000e+02	   1.3500000e+02	
   7.3646463e+05	   3.5000000e+00	   9.2894355e+02	   6.8000000e+01	   1.8000000e+02	
   7.3646467e+05	   3.3300000e+00	   9.9674345e+02	   1.0800000e+02	   8.9000000e+01	
   7.3646471e+05	   7.7600000e+00	   2.2673084e+02	   1.8400000e+02	   9.9000000e+01	
   7.3646475e+05	   6.9000000e+00	   9.3158316e+01	   8.6000000e+01	   1.1900000e+02	
   7.3646479e+05	   6.1500000e+00	   2.2635437e+00	   2.1000000e+01	   9.5000000e+01	
   7.3646483e+05	   6.1500000e+00	  -3.2141166e-02	  -8.8000000e+01	  -1.1000000e+02	
   7.3646488e+05	   6.6400000e+00	  -3.1471138e-02	  -6.9000000e+01	  -1.3400000e+02	
   7.3646492e+05	   6.3900000e+00	  -2.7507829e-02	  -8.1000000e+01	  -5.1000000e+01	
   7.3646496e+05	   5.7400000e+00	  -1.6474115e-02	  -4.5000000e+01	  -7.1000000e+01	
   7.3646500e+05	   5.7600000e+00	  -2.6136933e-02	  -3.0000000e+00	  -2.7000000e+01	
   7.3646504e+05	   5.6600000e+00	  -2.4477223e-02	   5.4000000e+01	   2.0000000e+00	
   7.3646508e+05	   6.0200000e+00	  -2.9749241e-02	   1.5900000e+02	   5.9000000e+01	
   7.3646513e+05	   5.2300000e+00	  -2.1897003e-02	   1.5400000e+02	   1.7500000e+02	
   7.3646517e+05	   5.0800000e+00	   7.3436787e-01	   1.4900000e+02	   1.4300000e+02	
   7.3646521e+05	   5.2500000e+00	   9.5397556e+01	   1.1400000e+02	   8.0000000e+01	
   7.3646525e+05	   4.6500000e+00	   3.3379076e+02	   1.2200000e+02	   1.2800000e+02	
   7.3646529e+05	   4.4700000e+00	   1.6604926e+02	  -2.0000000e+00	   7.3000000e+01	
   7.3646533e+05	   2.7800000e+00	   1.5434636e+03	  -5.7000000e+01	  -3.0000000e+00	
   7.3646538e+05	   2.6500000e+00	   1.1446438e+03	  -8.7000000e+01	  -9.5000000e+01	
   7.3646542e+05	   6.2500000e+00	   1.6576424e+02	  -1.3900000e+02	  -7.9000000e+01	
   7.3646546e+05	   4.3100000e+00	   7.6574216e+02	  -1.0000000e+02	  -1.2100000e+02	
   7.3646550e+05	   5.1300000e+00	   7.1048210e+02	  -5.5000000e+01	  -3.9000000e+01	
   7.3646554e+05	   4.8600000e+00	   9.8752835e+02	   0.0000000e+00	  -2.9000000e+01	
   7.3646558e+05	   8.3200000e+00	   3.5535940e+02	   5.2000000e+01	   2.3000000e+01	
   7.3646563e+05	   7.6400000e+00	   4.0097396e+02	   1.3500000e+02	   1.6200000e+02	
   7.3646567e+05	   5.1400000e+00	   7.8132185e+02	   1.1500000e+02	   1.4700000e+02	
   7.3646571e+05	   7.4100000e+00	   2.5544891e+02	   1.2700000e+02	   7.2000000e+01	
   7.3646575e+05	   7.0000000e+00	   1.7566927e+02	   3.1000000e+01	   6.8000000e+01	
   7.3646579e+05	   6.5600000e+00	   2.4400350e+00	  -2.8000000e+01	   7.0000000e+01	
   7.3646583e+05	   6.7000000e+00	  -5.1255724e-02	  -4.3000000e+01	  -8.0000000e+00	
   7.3646588e+05	   6.7500000e+00	  -5.2413337e-02	  -1.0600000e+02	  -6.0000000e+01	
   7.3646592e+05	   7.1300000e+00	  -5.7824825e-02	  -1.2200000e+02	  -1.1500000e+02	
   7.3646596e+05	   6.3100000e+00	  -7.2246164e-02	  -7.6000000e+01	  -1.3900000e+02	
   7.3646600e+05	   5.9800000e+00	  -6.5593380e-02	  -7.8000000e+01	  -1.9000000e+01	
   7.3646604e+05	   6.1000000e+00	  -7.3919820e-02	   1.8000000e+01	  -5.0000000e+00	
   7.3646608e+05	   6.0100000e+00	  -8.3417819e-02	   1.6000000e+01	   3.9000000e+01	
   7.3646613e+05	   5.5600000e+00	  -8.5147264e-02	   1.1400000e+02	   1.0300000e+02	
   7.3646617e+05	   6.2600000e+00	   2.1502865e+00	   2.2500000e+02	   1.2500000e+02	
   7.3646621e+05	   6.0000000e+00	   5.8264671e+01	   1.2700000e+02	   1.9900000e+02	
   7.3646625e+05	   5.8200000e+00	   3.1177069e+02	   1.2200000e+02	   1.3800000e+02	
   7.3646629e+05	   3.6800000e+00	   8.7680405e+02	   5.4000000e+01	   1.3300000e+02	
   7.3646633e+05	   4.3200000e+00	   4.9890413e+02	  -5.5000000e+01	   5.6000000e+01	
   7.3646638e+05	   4.9400000e+00	   6.4272517e+02	  -1.1000000e+01	  -9.5000000e+01	
   7.3646642e+05	   2.9000000e+00	   2.1365850e+03	  -1.7400000e+02	  -3.7000000e+01	
   7.3646646e+05	   3.7900000e+00	   8.6774746e+02	             NaN	             NaN	
   7.3646650e+05	   2.8700000e+00	   2.3341664e+03	  -5.5000000e+01	  -6.0000000e+01	
   7.3646654e+05	   2.8100000e+00	   2.1602377e+03	  -6.6000000e+01	   4.3000000e+01	
   7.3646658e+05	   3.9700000e+00	   1.1541942e+03	  -5.8000000e+01	   6.8000000e+01	
   7.3646663e+05	   5.3800000e+00	   5.4522048e+02	             NaN	             NaN	
   7.3646667e+05	   6.2100000e+00	   5.0946586e+02	   1.5500000e+02	   1.3400000e+02	
   7.3646671e+05	   7.4500000e+00	   2.8463452e+02	   1.5400000e+02	   1.0800000e+02	
   7.3646675e+05	   6.6900000e+00	   9.6259268e+01	   7.5000000e+01	   9.0000000e+01	
   7.3646679e+05	   6.1800000e+00	   3.2233027e+00	   5.0000000e+01	   1.0000000e+02	
   7.3646683e+05	   5.9900000e+00	   2.3549554e+01	  -1.1000000e+01	  -1.0000000e+01	
   7.3646688e+05	   6.3600000e+00	  -5.4672773e-02	  -2.0000000e+00	  -8.1000000e+01	
   7.3646692e+05	   5.5000000e+00	  -3.4184430e-02	  -1.2900000e+02	  -1.1700000e+02	
   7.3646696e+05	   5.5800000e+00	  -5.0181795e-02	  -1.6300000e+02	  -1.5800000e+02	
   7.3646700e+05	   5.3100000e+00	  -4.7657363e-02	  -1.2900000e+02	  -1.2900000e+02	
   7.3646704e+05	   5.1700000e+00	  -6.7797027e-02	  -9.5000000e+01	  -8.2000000e+01	
   7.3646708e+05	   5.1700000e+00	  -6.1520816e-02	  -3.9000000e+01	  -3.1000000e+01	
   7.3646713e+05	   4.9300000e+00	  -5.3305953e-02	             NaN	             NaN	
   7.3646717e+05	   4.8500000e+00	   3.3512539e+00	             NaN	             NaN	
   7.3646721e+05	   5.3900000e+00	   1.9589069e+02	   1.1600000e+02	   6.7000000e+01	
   7.3646725e+05	   3.6600000e+00	   6.1118683e+02	   1.4000000e+02	   3.2000000e+01	
   7.3646729e+05	   2.6800000e+00	   1.0183544e+03	   9.2000000e+01	   5.1000000e+01	
   7.3646733e+05	   2.2700000e+00	   1.2177567e+03	   7.1000000e+01	   4.4000000e+01	
   7.3646738e+05	   1.8800000e+00	   1.6857479e+03	  -9.8000000e+01	  -5.6000000e+01	
   7.3646742e+05	   1.8400000e+00	   1.9272513e+03	  -3.5000000e+01	  -1.1300000e+02	
   7.3646746e+05	   1.7400000e+00	   2.0839631e+03	  -1.5900000e+02	  -1.2300000e+02	
   7.3646750e+05	   1.7700000e+00	   2.0147479e+03	  -1.6300000e+02	  -1.1000000e+02	
   7.3646754e+05	   1.7600000e+00	   1.8172502e+03	  -8.3000000e+01	  -3.9000000e+01	
   7.3646758e+05	   1.7400000e+00	   1.5836810e+03	  -5.4000000e+01	   2.8000000e+01	
   7.3646763e+05	   1.8000000e+00	   1.3517741e+03	  -5.7000000e+01	   5.0000000e+00	
   7.3646767e+05	   2.4600000e+00	   1.0201842e+03	   7.6000000e+01	   7.0000000e+01	
   7.3646771e+05	   3.5700000e+00	   6.0521232e+02	   1.2700000e+02	   1.0700000e+02	
   7.3646775e+05	   4.5700000e+00	   2.5616948e+02	   1.3800000e+02	   9.8000000e+01	
   7.3646779e+05	   5.2400000e+00	   7.1136111e+00	   7.2000000e+01	   7.9000000e+01	
   7.3646783e+05	   4.9000000e+00	  -2.6931919e-02	   2.5000000e+01	   7.3000000e+01	
   7.3646788e+05	   4.3300000e+00	  -2.0620436e-02	  -7.6000000e+01	  -6.1000000e+01	
   7.3646792e+05	   3.7500000e+00	  -1.6582400e-02	  -5.3000000e+01	  -5.5000000e+01	
   7.3646796e+05	   3.9500000e+00	  -3.6639126e-02	  -1.8800000e+02	  -6.1000000e+01	
   7.3646800e+05	   3.6600000e+00	  -3.9107769e-02	  -1.8900000e+02	  -1.1300000e+02	
   7.3646804e+05	   3.8700000e+00	  -2.2574102e-02	  -8.6000000e+01	  -1.1700000e+02	
   7.3646808e+05	   3.2200000e+00	  -4.0378209e-02	  -6.4000000e+01	  -1.3400000e+02	
   7.3646813e+05	   3.2100000e+00	  -5.1841504e-02	  -9.4000000e+01	   5.8000000e+01	
   7.3646817e+05	   3.0100000e+00	   3.8715068e+00	  -4.7000000e+01	  -5.6000000e+01	
   7.3646821e+05	   3.3300000e+00	   2.0755066e+02	   5.8000000e+01	   5.4000000e+01	
   7.3646825e+05	   2.7100000e+00	   6.2520590e+02	   1.1200000e+02	   1.2200000e+02	
   7.3646829e+05	   1.5900000e+00	   1.0527100e+03	   1.0200000e+02	   1.0900000e+02	
   7.3646833e+05	   1.6900000e+00	   1.3994476e+03	   6.8000000e+01	   5.3000000e+01	
   7.3646838e+05	   1.2100000e+00	   1.6367204e+03	  -3.0000000e+01	  -2.9000000e+01	
   7.3646842e+05	   1.1400000e+00	   1.8433225e+03	  -6.5000000e+01	  -1.6000000e+01	
   7.3646846e+05	   1.1600000e+00	   1.9611571e+03	  -1.3100000e+02	  -6.0000000e+01	
   7.3646850e+05	   1.2300000e+00	   1.9275516e+03	  -1.1900000e+02	  -8.9000000e+01	
   7.3646854e+05	   1.0900000e+00	   1.8110500e+03	  -1.9000000e+01	  -2.1000000e+01	
   7.3646858e+05	   1.1700000e+00	   1.6137341e+03	  -7.5000000e+01	   6.4000000e+01	
   7.3646863e+05	   1.5600000e+00	   1.3857170e+03	   1.5000000e+01	  -3.2000000e+01	
   7.3646867e+05	   2.1500000e+00	   1.0399442e+03	   6.7000000e+01	   1.6000000e+01	
   7.3646871e+05	   2.6900000e+00	   6.4894021e+02	   9.1000000e+01	   8.2000000e+01	
   7.3646875e+05	   3.9100000e+00	   2.2772121e+02	   1.0500000e+02	   9.5000000e+01	
   7.3646879e+05	   3.8500000e+00	   6.5768699e+00	   1.4300000e+02	   1.6600000e+02	
   7.3646883e+05	   3.9600000e+00	  -4.3138491e-02	   5.9000000e+01	   1.1100000e+02	
   7.3646888e+05	   3.6800000e+00	  -6.8062023e-02	   5.0000000e+01	   1.5300000e+02	
   7.3646892e+05	   4.0700000e+00	  -5.1395196e-02	   9.0000000e+00	   1.0100000e+02	
   7.3646896e+05	   4.0200000e+00	  -5.2859645e-02	   1.1000000e+01	  -3.6000000e+01	
   7.3646900e+05	   3.3000000e+00	  -5.1576508e-02	  -1.4700000e+02	  -2.1200000e+02	
   7.3646904e+05	   3.6700000e+00	  -4.9986535e-02	  -1.2700000e+02	  -1.1500000e+02	
   7.3646908e+05	   3.6500000e+00	  -4.2664289e-02	  -1.2600000e+02	  -1.1500000e+02	
   7.3646913e+05	   3.2300000e+00	  -6.8131759e-02	  -8.5000000e+01	  -8.6000000e+01	
   7.3646917e+05	   3.1700000e+00	   4.3047087e+00	  -3.1000000e+01	   2.8000000e+01	
   7.3646921e+05	   3.5500000e+00	   1.8927761e+02	   3.5000000e+01	   4.2000000e+01	
   7.3646925e+05	   2.9500000e+00	   5.7337095e+02	   8.0000000e+01	   1.4400000e+02	
   7.3646929e+05	   1.8900000e+00	   1.0413179e+03	   1.1500000e+02	   1.7100000e+02	
   7.3646933e+05	   1.9800000e+00	   1.3277975e+03	   1.2200000e+02	   5.9000000e+01	
   7.3646938e+05	   1.6300000e+00	   1.6673736e+03	   7.2000000e+01	   7.7000000e+01	
   7.3646942e+05	   1.3300000e+00	   1.8719317e+03	   5.0000000e+00	   2.8000000e+01	
   7.3646946e+05	   1.1500000e+00	   1.8259721e+03	  -8.2000000e+01	  -9.2000000e+01	
   7.3646950e+05	   1.4600000e+00	   1.9855201e+03	  -1.1200000e+02	  -1.4000000e+02	
   7.3646954e+05	   1.1400000e+00	   2.1167348e+03	  -1.4900000e+02	  -1.2100000e+02	
   7.3646958e+05	   2.3100000e+00	   8.2874998e+02	  -1.2000000e+02	  -1.1600000e+02	
   7.3646963e+05	   3.4400000e+00	   4.6752761e+02	  -5.1000000e+01	   2.6000000e+01	
   7.3646967e+05	   4.4700000e+00	   2.1945034e+02	  -1.9000000e+01	   4.0000000e+00	
   7.3646971e+05	   4.6800000e+00	   1.5629286e+02	   5.2000000e+01	   3.0000000e+00	
   7.3646975e+05	   4.6900000e+00	   5.6371730e+01	   1.2700000e+02	   1.2700000e+02	
   7.3646979e+05	   4.0100000e+00	   3.5989893e+00	   1.2000000e+02	   1.6700000e+02	
   7.3646983e+05	   5.1500000e+00	  -3.6081240e-02	   1.0200000e+02	   1.8600000e+02	
   7.3646988e+05	   4.7300000e+00	  -4.5397927e-02	   9.2000000e+01	   1.4800000e+02	
   7.3646992e+05	   5.0300000e+00	  -4.2245874e-02	   8.1000000e+01	   9.7000000e+01	
   7.3646996e+05	   5.2000000e+00	  -3.3128956e-02	   3.2000000e+01	   5.2000000e+01	
   7.3647000e+05	   5.3000000e+00	  -4.3417434e-02	  -3.6000000e+01	  -1.6500000e+02	
   7.3647004e+05	   4.2300000e+00	  -3.3584703e-02	  -1.6100000e+02	  -5.7000000e+01	
   7.3647008e+05	   4.0600000e+00	  -6.4142878e-02	  -1.7600000e+02	  -1.2200000e+02	
   7.3647013e+05	   3.9100000e+00	  -3.4926230e-02	  -1.0100000e+02	  -8.8000000e+01	
   7.3647017e+05	   3.9400000e+00	   4.5049416e+00	   3.0000000e+00	  -2.0000000e+00	
   7.3647021e+05	   3.4500000e+00	   9.1574447e+01	   4.2000000e+01	   1.1600000e+02	
   7.3647025e+05	   3.4500000e+00	   6.2687185e+02	   3.7000000e+01	   6.2000000e+01	
   7.3647029e+05	   2.1300000e+00	   1.0165897e+03	   1.3700000e+02	   1.2400000e+02	
   7.3647033e+05	   2.2400000e+00	   1.3982821e+03	   1.1500000e+02	   1.2100000e+02	
   7.3647038e+05	   2.1700000e+00	   1.5143167e+03	   9.7000000e+01	   1.0000000e+02	
   7.3647042e+05	   1.7300000e+00	   1.8010927e+03	   3.3000000e+01	   6.1000000e+01	
   7.3647046e+05	   1.2500000e+00	   2.0106994e+03	   1.3000000e+01	   1.3000000e+01	
   7.3647050e+05	   1.1600000e+00	   2.0395817e+03	  -7.0000000e+01	  -9.0000000e+00	
   7.3647054e+05	   1.5100000e+00	   2.0336652e+03	  -9.5000000e+01	  -9.2000000e+01	
   7.3647058e+05	   1.8800000e+00	   1.6151699e+03	  -9.7000000e+01	  -7.4000000e+01	
   7.3647063e+05	   2.0700000e+00	   1.2928435e+03	  -1.6200000e+02	  -1.0600000e+02	
   7.3647067e+05	   2.8900000e+00	   9.6649746e+02	  -6.9000000e+01	   4.0000000e+01	
   7.3647071e+05	   4.1400000e+00	   5.3719922e+02	   6.7000000e+01	   5.7000000e+01	
   7.3647075e+05	   5.0800000e+00	   2.1102443e+02	   1.2200000e+02	   2.6000000e+01	
   7.3647079e+05	   4.5800000e+00	   7.3895006e+00	   1.4700000e+02	   2.5200000e+02	
   7.3647083e+05	   5.7100000e+00	  -1.4318174e-02	   1.7200000e+02	   2.5800000e+02	
   7.3647088e+05	   5.4000000e+00	  -1.8590437e-02	   1.4300000e+02	   1.7200000e+02	
   7.3647092e+05	   5.8000000e+00	  -2.2311291e-02	   9.6000000e+01	   1.4100000e+02	
   7.3647096e+05	   6.1400000e+00	  -4.1855355e-02	   5.6000000e+01	   1.3200000e+02	
   7.3647100e+05	   6.1300000e+00	  -3.6150976e-02	   5.0000000e+00	  -1.0000000e+01	
   7.3647104e+05	   5.0200000e+00	  -2.9414509e-02	  -1.2600000e+02	  -1.5400000e+02	
   7.3647108e+05	   4.9400000e+00	  -2.0125717e-02	  -1.4700000e+02	  -9.9000000e+01	
   7.3647113e+05	   4.3100000e+00	  -3.2015941e-02	  -1.4500000e+02	  -1.1700000e+02	
   7.3647117e+05	   4.0100000e+00	   5.3230569e+00	  -9.2000000e+01	  -1.2200000e+02	
   7.3647121e+05	   4.0100000e+00	   1.9899389e+02	  -2.5000000e+01	  -2.8000000e+01	
   7.3647125e+05	   4.3700000e+00	   5.3638198e+02	   3.4000000e+01	  -9.0000000e+00	
   7.3647129e+05	   2.6400000e+00	   9.4466629e+02	   8.3000000e+01	   8.1000000e+01	
   7.3647133e+05	   1.9200000e+00	   1.0590829e+03	   1.5700000e+02	   1.5700000e+02	
   7.3647138e+05	   1.7500000e+00	   1.4768114e+03	   1.4600000e+02	   4.3000000e+01	
   7.3647142e+05	   1.5800000e+00	   1.7827635e+03	   4.8000000e+01	   1.8000000e+01	
   7.3647146e+05	   1.6700000e+00	   1.9771203e+03	   9.0000000e+00	   3.2000000e+01	
   7.3647150e+05	   1.3200000e+00	   1.6149661e+03	  -2.6000000e+01	  -5.2000000e+01	
   7.3647154e+05	   1.7600000e+00	   1.9118340e+03	  -1.2600000e+02	  -1.1100000e+02	
   7.3647158e+05	   1.9900000e+00	   1.5803040e+03	  -1.2900000e+02	  -1.0500000e+02	
   7.3647163e+05	   2.7100000e+00	   1.1014575e+03	  -1.0100000e+02	  -3.7000000e+01	
   7.3647167e+05	   4.0500000e+00	   5.0006289e+02	  -3.7000000e+01	  -5.0000000e+01	
   7.3647171e+05	   4.8500000e+00	   3.3435362e+02	  -2.7000000e+01	   3.1000000e+01	
   7.3647175e+05	   4.6200000e+00	   9.3942022e+01	   2.0000000e+00	   4.0000000e+00	
   7.3647179e+05	   4.4200000e+00	   2.6121257e+00	   1.9600000e+02	   1.1800000e+02	
   7.3647183e+05	   5.7800000e+00	   2.3719555e+01	   1.9500000e+02	   2.0900000e+02	
   7.3647188e+05	   5.7300000e+00	  -2.7364281e-02	             NaN	             NaN	
   7.3647192e+05	   5.3500000e+00	  -2.9794495e-02	   1.3800000e+02	   1.6300000e+02	
   7.3647196e+05	   5.1100000e+00	  -2.5969567e-02	   1.2500000e+02	   1.1200000e+02	
   7.3647200e+05	   4.9700000e+00	  -1.9181364e-02	   4.8000000e+01	   5.9000000e+01	
   7.3647204e+05	   5.1200000e+00	   2.3704458e+01	             NaN	             NaN	
   7.3647208e+05	   5.0000000e+00	  -3.0128443e-02	  -1.6900000e+02	  -1.3000000e+02	
   7.3647213e+05	   4.7900000e+00	  -3.0873404e-02	  -8.6000000e+01	  -1.2500000e+02	
   7.3647217e+05	   4.0200000e+00	   2.0962820e+00	  -1.1100000e+02	  -9.2000000e+01	
   7.3647221e+05	   4.0400000e+00	   9.1944144e+01	  -4.2000000e+01	  -4.0000000e+01	
   7.3647225e+05	   4.3600000e+00	   5.6950470e+02	  -1.5000000e+01	  -4.9000000e+01	
   7.3647229e+05	   2.3700000e+00	   8.8533891e+02	   7.6000000e+01	   4.2000000e+01	
   7.3647233e+05	   1.8300000e+00	   9.8302832e+02	   1.4500000e+02	   9.5000000e+01	
   7.3647238e+05	   2.6800000e+00	   8.7523860e+02	   1.2100000e+02	   1.4000000e+02	
   7.3647242e+05	   2.6800000e+00	   1.4370133e+03	   1.4200000e+02	   1.3200000e+02	
   7.3647246e+05	   1.5000000e+00	   1.9650877e+03	   2.3000000e+01	   1.0400000e+02	
   7.3647250e+05	   2.7000000e+00	   6.8248849e+02	   1.0000000e+00	   5.3000000e+01	
   7.3647254e+05	   4.5900000e+00	   3.8035602e+02	  -1.3000000e+01	  -7.6000000e+01	
   7.3647258e+05	   3.8600000e+00	   5.3260411e+02	  -1.7200000e+02	  -1.1700000e+02	
   7.3647263e+05	   3.8000000e+00	   6.6963314e+02	  -1.7100000e+02	  -1.4200000e+02	
   7.3647267e+05	   2.4000000e+00	   8.5658973e+02	  -1.4600000e+02	  -1.3800000e+02	
   7.3647271e+05	   3.9300000e+00	   3.6083358e+02	             NaN	             NaN	
   7.3647275e+05	   4.2500000e+00	   1.6805226e+02	   1.9000000e+01	   7.2000000e+01	
   7.3647279e+05	   4.0200000e+00	   9.0505996e+00	   5.2000000e+01	   1.4000000e+01	
   7.3647283e+05	   3.6800000e+00	  -5.5818812e-02	   1.0900000e+02	   1.0500000e+02	
   7.3647288e+05	   3.5900000e+00	  -3.0892906e-02	   1.3800000e+02	   1.3500000e+02	
   7.3647292e+05	   4.1600000e+00	  -2.4853796e-02	   1.1900000e+02	   1.1300000e+02	
   7.3647296e+05	   3.7500000e+00	   2.3565988e+01	   1.0800000e+02	   1.8400000e+02	
   7.3647300e+05	   3.9700000e+00	  -5.3305953e-02	   8.6000000e+01	   1.5900000e+02	
   7.3647304e+05	   4.1300000e+00	  -5.7909754e-02	   4.7000000e+01	  -2.9000000e+01	
   7.3647308e+05	   3.6700000e+00	  -3.6304395e-02	  -1.1600000e+02	  -5.9000000e+01	
   7.3647313e+05	   2.9600000e+00	  -4.7950253e-02	  -1.7700000e+02	  -1.3900000e+02	
   7.3647317e+05	   3.6800000e+00	   5.4181893e+00	  -1.3700000e+02	  -1.1100000e+02	
   7.3647321e+05	   4.5900000e+00	   1.8268451e+02	  -1.5600000e+02	  -1.2900000e+02	
   7.3647325e+05	   3.7000000e+00	   5.5597977e+02	   2.9000000e+01	   4.0000000e+00	
   7.3647329e+05	   3.7900000e+00	   9.8804353e+02	  -8.0000000e+00	   1.3000000e+01	
   7.3647333e+05	   1.9300000e+00	   1.2940929e+03	   1.0600000e+02	   1.3600000e+02	
   7.3647338e+05	   1.1800000e+00	   1.5993404e+03	   1.5200000e+02	   1.4600000e+02	
   7.3647342e+05	   1.2100000e+00	   1.8752010e+03	   1.1200000e+02	   1.3900000e+02	
   7.3647346e+05	   9.4000000e-01	   2.0174034e+03	   6.8000000e+01	   7.5000000e+01	
   7.3647350e+05	   8.4000000e-01	   1.9892143e+03	   4.9000000e+01	   3.2000000e+01	
   7.3647354e+05	   1.8500000e+00	   9.3735664e+02	  -7.0000000e+00	   0.0000000e+00	
   7.3647358e+05	   1.4100000e+00	   2.2414436e+03	  -6.9000000e+01	  -8.8000000e+01	
   7.3647363e+05	   2.0000000e+00	   1.0115413e+03	  -1.2100000e+02	  -9.4000000e+01	
   7.3647367e+05	   2.4300000e+00	   5.8360824e+02	  -1.1000000e+02	  -1.0900000e+02	
   7.3647371e+05	   3.9500000e+00	   3.0956295e+02	  -6.3000000e+01	  -2.5000000e+01	
   7.3647375e+05	   3.9000000e+00	   1.4807820e+02	  -4.1000000e+01	   5.6000000e+01	
   7.3647379e+05	   3.9000000e+00	   9.0076894e+00	   1.8000000e+01	   4.9000000e+01	
   7.3647383e+05	   3.2300000e+00	  -2.2217787e-02	   1.0600000e+02	   1.2300000e+02	
   7.3647388e+05	   3.4100000e+00	  -2.7196915e-02	   1.1300000e+02	   7.4000000e+01	
   7.3647392e+05	   3.4300000e+00	  -3.6067293e-02	   1.3800000e+02	   1.0800000e+02	
   7.3647396e+05	   3.1900000e+00	  -2.0641761e-02	   1.1200000e+02	   9.5000000e+01	
   7.3647400e+05	   3.1700000e+00	  -3.1436082e-02	   5.7000000e+01	   2.0700000e+02	
   7.3647404e+05	   3.3300000e+00	  -3.4449426e-02	  -2.6000000e+01	   7.1000000e+01	
   7.3647408e+05	   3.1900000e+00	  -3.3657784e-02	  -4.0000000e+01	  -5.9000000e+01	
   7.3647413e+05	   3.0900000e+00	  -1.8717056e-02	  -1.0700000e+02	  -1.2400000e+02	
   7.3647417e+05	   2.6900000e+00	   5.5063292e+00	  -1.6000000e+02	  -6.3000000e+01	
   7.3647421e+05	   2.5900000e+00	   3.2029717e+01	  -1.2500000e+02	  -1.1500000e+02	
   7.3647425e+05	   2.6500000e+00	   1.6222413e+02	   1.9000000e+01	   3.4000000e+01	
   7.3647429e+05	   2.7900000e+00	   3.6110577e+02	  -2.7000000e+01	  -7.0000000e+00	
   7.3647433e+05	   2.7500000e+00	   2.2381468e+02	   2.1000000e+01	   3.0000000e+01	
   7.3647438e+05	   2.0700000e+00	   8.1838801e+02	   8.3000000e+01	   8.3000000e+01	
   7.3647442e+05	   3.1600000e+00	   5.5941259e+02	   9.9000000e+01	   1.0300000e+02	
   7.3647446e+05	   2.4400000e+00	   5.8991883e+02	   1.3500000e+02	   1.2600000e+02	
   7.3647450e+05	   2.2700000e+00	   6.3441387e+02	   1.9000000e+02	   1.2800000e+02	
   7.3647454e+05	   3.9400000e+00	   5.1418401e+02	   8.8000000e+01	   1.3000000e+02	
   7.3647458e+05	   3.6000000e+00	   3.9073359e+02	  -1.4000000e+01	   7.4000000e+01	
   7.3647463e+05	   4.5900000e+00	   6.4231081e+02	  -4.9000000e+01	  -3.9000000e+01	
   7.3647467e+05	   4.2900000e+00	   3.0004946e+02	  -1.0100000e+02	  -1.0900000e+02	
   7.3647471e+05	   5.0200000e+00	   2.2161504e+02	  -9.8000000e+01	  -1.0600000e+02	
   7.3647475e+05	   4.2200000e+00	   9.2281882e+01	   8.0000000e+00	   1.0000000e+01	
   7.3647479e+05	   3.7600000e+00	   6.3639848e+00	             NaN	             NaN	
   7.3647483e+05	   3.6000000e+00	  -1.6332096e-02	   1.2700000e+02	   9.5000000e+01	
   7.3647488e+05	   3.7300000e+00	  -3.3849699e-02	   1.1800000e+02	   1.3800000e+02	
   7.3647492e+05	   4.6200000e+00	  -2.4220130e-02	   1.6100000e+02	   1.8000000e+02	
   7.3647496e+05	   4.4300000e+00	  -2.1199646e-02	   1.9700000e+02	   2.7900000e+02	
   7.3647500e+05	   5.1800000e+00	  -3.7978051e-02	   2.2000000e+02	   3.1200000e+02	
   7.3647504e+05	   5.5700000e+00	  -4.9372861e-02	   9.8000000e+01	   2.2400000e+02	
   7.3647508e+05	   5.3700000e+00	  -2.0720591e-02	   1.9000000e+01	   6.5000000e+01	
   7.3647513e+05	   4.2900000e+00	  -2.6722712e-02	  -6.1000000e+01	  -2.0000000e+01	
   7.3647517e+05	   4.2900000e+00	   3.8719173e+00	  -8.0000000e+01	  -1.0600000e+02	
   7.3647521e+05	   4.5100000e+00	   1.1985247e+02	  -1.0000000e+02	  -1.0900000e+02	
   7.3647525e+05	   4.3200000e+00	   2.8218219e+02	  -1.1800000e+02	  -7.9000000e+01	
   7.3647529e+05	   3.3100000e+00	   4.2870640e+02	   2.4000000e+01	   1.0000000e+00	
   7.3647533e+05	   2.1700000e+00	   8.4719692e+02	   2.9000000e+01	   2.0000000e+01	
   7.3647538e+05	   1.5100000e+00	   1.2710553e+03	   1.5300000e+02	   6.7000000e+01	
   7.3647542e+05	   1.2200000e+00	   1.8121999e+03	   1.2200000e+02	   1.0600000e+02	
   7.3647546e+05	   1.9100000e+00	   9.7444402e+02	   1.5400000e+02	   1.5900000e+02	
   7.3647550e+05	   2.3100000e+00	   9.5023061e+02	   1.0900000e+02	   1.9400000e+02	
   7.3647554e+05	   2.2000000e+00	   1.1749077e+03	   1.4900000e+02	   2.1100000e+02	
   7.3647558e+05	   2.4700000e+00	   9.8628721e+02	   3.4000000e+01	   1.1400000e+02	
   7.3647563e+05	   2.0900000e+00	   1.1695155e+03	  -7.3000000e+01	   3.8000000e+01	
   7.3647567e+05	   4.1500000e+00	   1.5986031e+02	  -4.4000000e+01	  -5.4000000e+01	
   7.3647571e+05	   3.8700000e+00	   1.1840579e+02	  -5.0000000e+01	  -9.8000000e+01	
   7.3647575e+05	   3.8200000e+00	   7.5601047e+01	  -1.0100000e+02	  -7.9000000e+01	
   7.3647579e+05	   3.7900000e+00	   1.4744864e+00	  -6.5000000e+01	  -4.0000000e+01	
   7.3647583e+05	   3.5300000e+00	   2.3579216e+01	  -1.0000000e+01	  -3.8000000e+01	
   7.3647588e+05	   3.2000000e+00	  -2.1730395e-02	   8.5000000e+01	   8.4000000e+01	
   7.3647592e+05	   3.2400000e+00	  -3.1348072e-02	   1.3300000e+02	   1.0900000e+02	
   7.3647596e+05	   3.7900000e+00	  -2.2259629e-02	   1.4500000e+02	   7.0000000e+01	
   7.3647600e+05	   3.3800000e+00	  -1.9869084e-02	   1.3400000e+02	   9.1000000e+01	
   7.3647604e+05	   2.7500000e+00	  -2.6169936e-02	   7.9000000e+01	   1.4300000e+02	
   7.3647608e+05	   2.8200000e+00	  -2.5031150e-02	   6.9000000e+01	   8.6000000e+01	
   7.3647613e+05	   2.8500000e+00	  -2.3361453e-02	  -1.9000000e+01	  -3.5000000e+01	
   7.3647617e+05	   2.7000000e+00	   9.8549625e+00	  -3.8000000e+01	  -1.1300000e+02	
   7.3647621e+05	   2.7800000e+00	   2.1498396e+02	  -1.4100000e+02	  -9.5000000e+01	
   7.3647625e+05	   1.4600000e+00	   5.6807952e+02	  -1.0200000e+02	  -1.3400000e+02	
   7.3647629e+05	   1.1300000e+00	   9.7892761e+02	  -4.9000000e+01	  -5.5000000e+01	
   7.3647633e+05	   1.2500000e+00	   1.3456139e+03	   7.0000000e+00	   3.8000000e+01	
   7.3647638e+05	   9.9000000e-01	   1.6887392e+03	   4.9000000e+01	   3.0000000e+01	
   7.3647642e+05	   1.1500000e+00	   1.8754395e+03	   8.5000000e+01	   1.0400000e+02	
   7.3647646e+05	   5.5000000e-01	   1.9900675e+03	   1.4300000e+02	   1.6800000e+02	
   7.3647650e+05	   9.9000000e-01	   1.7273039e+03	             NaN	             NaN	
   7.3647654e+05	   8.1000000e-01	   1.8412546e+03	   1.3900000e+02	   1.4200000e+02	
   7.3647658e+05	   1.0200000e+00	   1.3997302e+03	   5.9000000e+01	   1.6300000e+02	
   7.3647663e+05	   8.1000000e-01	   1.1864093e+03	   8.1000000e+01	   1.2000000e+02	
   7.3647667e+05	   1.2500000e+00	   7.4517263e+02	  -4.3000000e+01	   2.9000000e+01	
   7.3647671e+05	   2.3400000e+00	   2.8312284e+02	  -3.5000000e+01	  -3.8000000e+01	
   7.3647675e+05	   2.2200000e+00	   1.3685483e+02	  -2.2000000e+01	  -7.2000000e+01	
   7.3647679e+05	   2.0900000e+00	   1.3557871e+01	   4.0000000e+00	  -7.0000000e+00	
   7.3647683e+05	   2.2400000e+00	  -1.2508618e-02	  -1.1400000e+02	  -6.5000000e+01	
   7.3647688e+05	   2.1600000e+00	  -2.3738025e-02	   3.7000000e+01	   3.0000000e+01	
   7.3647692e+05	   2.1300000e+00	  -2.2735353e-02	   1.1400000e+02	   7.2000000e+01	
   7.3647696e+05	   1.9600000e+00	  -1.5746097e-02	   1.4900000e+02	   8.2000000e+01	
   7.3647700e+05	   2.0100000e+00	  -2.0356072e-02	   1.4900000e+02	   9.1000000e+01	
   7.3647704e+05	   2.1200000e+00	  -2.1691808e-02	   1.6100000e+02	   1.4000000e+02	
   7.3647708e+05	   1.7300000e+00	  -1.8950765e-02	   8.4000000e+01	   1.4700000e+02	
   7.3647713e+05	   1.8200000e+00	  -3.2864690e-02	   1.2000000e+01	   1.0200000e+02	
   7.3647717e+05	   1.8300000e+00	   2.9590850e+00	  -5.0000000e+00	  -5.1000000e+01	
   7.3647721e+05	   2.3000000e+00	   4.8099107e+01	  -1.0600000e+02	  -1.3100000e+02	
   7.3647725e+05	   2.0700000e+00	   9.6281711e+01	  -1.6800000e+02	  -1.2000000e+02	
   7.3647729e+05	   2.3800000e+00	   3.7427988e+02	  -1.1300000e+02	  -7.8000000e+01	
   7.3647733e+05	   2.5500000e+00	   2.1540444e+02	   3.2000000e+01	   7.1000000e+01	
   7.3647738e+05	   1.6400000e+00	   7.1878667e+02	  -4.6000000e+01	  -1.2000000e+01	
   7.3647742e+05	   9.7000000e-01	   1.1952644e+03	   3.0000000e+01	   4.6000000e+01	
   7.3647746e+05	   9.2000000e-01	   1.5506657e+03	   1.0900000e+02	   9.3000000e+01	
   7.3647750e+05	   1.2200000e+00	   1.1455938e+03	   1.8200000e+02	   1.7100000e+02	
   7.3647754e+05	   9.2000000e-01	   1.5546144e+03	   2.3700000e+02	   1.8400000e+02	
   7.3647758e+05	   1.0900000e+00	   1.5018215e+03	   1.9700000e+02	   2.1200000e+02	
   7.3647763e+05	   1.7800000e+00	   7.4487872e+02	   1.8300000e+02	   2.1300000e+02	
   7.3647767e+05	   2.3000000e+00	   4.6804578e+02	   4.3000000e+01	   8.8000000e+01	
   7.3647771e+05	   2.7100000e+00	   2.1920512e+02	  -6.0000000e+00	  -5.3000000e+01	
   7.3647775e+05	   2.7400000e+00	   1.6866958e+02	  -4.3000000e+01	  -2.0000000e+00	
   7.3647779e+05	   2.5100000e+00	   1.1936256e+01	  -9.2000000e+01	  -5.6000000e+01	
   7.3647783e+05	   2.3700000e+00	  -2.1311224e-02	   3.4000000e+01	   5.0000000e+00	
   7.3647788e+05	   1.9800000e+00	  -1.8870475e-02	   2.6000000e+01	   4.6000000e+01	
   7.3647792e+05	   2.0400000e+00	  -2.8912413e-02	   5.0000000e+01	   4.9000000e+01	
   7.3647796e+05	   2.1400000e+00	  -2.7466087e-02	   1.4200000e+02	   1.1500000e+02	
   7.3647800e+05	   2.1300000e+00	  -1.8216968e-02	   1.7000000e+02	   1.6900000e+02	
   7.3647804e+05	   2.2400000e+00	  -2.7950060e-02	   1.7200000e+02	   2.2500000e+02	
   7.3647808e+05	   2.2000000e+00	  -3.6290447e-02	   2.0100000e+02	   2.6000000e+02	
   7.3647813e+05	   2.2400000e+00	  -2.2998827e-02	   1.3500000e+02	   2.2600000e+02	
   7.3647817e+05	   2.2200000e+00	   6.1028135e+00	  -3.0000000e+00	   1.1300000e+02	
   7.3647821e+05	   2.7300000e+00	   7.7923607e+01	   8.0000000e+00	  -1.5000000e+01	
   7.3647825e+05	   3.5900000e+00	   4.6316937e+02	  -8.6000000e+01	  -9.5000000e+01	
   7.3647829e+05	   1.5500000e+00	   6.8777051e+02	  -1.6900000e+02	  -1.2500000e+02	
   7.3647833e+05	   1.3400000e+00	   1.0472069e+03	  -1.0800000e+02	  -6.0000000e+01	
   7.3647838e+05	   1.0500000e+00	   1.6588415e+03	  -2.5000000e+01	  -7.0000000e+01	
   7.3647842e+05	   6.2000000e-01	   1.8144890e+03	   2.9000000e+01	   2.4000000e+01	
   7.3647846e+05	   7.6000000e-01	   2.0064838e+03	   9.6000000e+01	   7.1000000e+01	
   7.3647850e+05	   1.1200000e+00	   1.9830609e+03	   1.3200000e+02	   9.0000000e+01	
   7.3647854e+05	   1.1000000e+00	   1.5895818e+03	   1.1500000e+02	   1.4100000e+02	
   7.3647858e+05	   1.0700000e+00	   1.4222759e+03	   1.7900000e+02	   1.9700000e+02	
   7.3647863e+05	   1.5400000e+00	   9.0953384e+02	   1.5000000e+02	   2.4500000e+02	
   7.3647867e+05	   1.3600000e+00	   9.6684593e+02	   5.4000000e+01	   1.6500000e+02	
   7.3647871e+05	   1.7400000e+00	   5.2682799e+02	   1.6000000e+01	   7.5000000e+01	
   7.3647875e+05	   2.0400000e+00	   9.3039859e+01	  -3.4000000e+01	  -4.8000000e+01	
   7.3647879e+05	   2.1200000e+00	   1.1611351e+01	  -5.0000000e+01	  -1.4100000e+02	
   7.3647883e+05	   2.0200000e+00	   1.2461874e-03	  -1.3000000e+02	  -7.5000000e+01	
   7.3647888e+05	   1.7400000e+00	   1.0190178e-02	  -9.6000000e+01	  -3.8000000e+01	
   7.3647892e+05	   1.7900000e+00	   4.3876182e-03	  -2.7000000e+01	  -6.6000000e+01	
   7.3647896e+05	   1.6900000e+00	   6.1530504e-03	   4.7000000e+01	   1.4000000e+01	
   7.3647900e+05	   1.9100000e+00	   1.9731301e-03	   1.0100000e+02	   6.2000000e+01	
   7.3647904e+05	   2.0300000e+00	   4.5433917e-04	   1.6800000e+02	   1.3800000e+02	
   7.3647908e+05	   1.8400000e+00	  -1.3682099e-02	   2.0700000e+02	   1.6700000e+02	
   7.3647913e+05	   1.9900000e+00	  -1.5213872e-02	   2.0500000e+02	   2.1000000e+02	
   7.3647917e+05	   1.6700000e+00	   4.9330713e+00	   1.8700000e+02	   2.4000000e+02	
   7.3647921e+05	   1.6900000e+00	   5.7743389e+01	   5.6000000e+01	   1.0400000e+02	
   7.3647925e+05	   1.7800000e+00	   3.0313189e+02	  -1.7000000e+01	  -2.8000000e+01	
   7.3647929e+05	   1.9100000e+00	   4.4053104e+02	  -8.0000000e+01	  -6.6000000e+01	
   7.3647933e+05	   2.2300000e+00	   5.7669336e+02	  -1.4100000e+02	  -6.1000000e+01	
   7.3647938e+05	   2.7700000e+00	   6.5722139e+02	  -1.1800000e+02	  -8.0000000e+01	
   7.3647942e+05	   2.0700000e+00	   1.0595008e+03	  -1.1000000e+01	   9.0000000e+00	
   7.3647946e+05	   8.2000000e-01	   2.4255310e+03	   6.1000000e+01	   8.0000000e+01	
   7.3647950e+05	   1.4800000e+00	   8.9949606e+02	   3.5000000e+01	   6.9000000e+01	
   7.3647954e+05	   1.8800000e+00	   7.8886071e+02	   1.5500000e+02	   1.0700000e+02	
   7.3647958e+05	   1.9400000e+00	   6.4559300e+02	   2.3600000e+02	   1.1100000e+02	
   7.3647963e+05	   2.6700000e+00	   3.3273174e+02	   2.5600000e+02	   2.4400000e+02	
   7.3647967e+05	   2.7600000e+00	   1.8881103e+02	   2.2900000e+02	   2.5100000e+02	
   7.3647971e+05	   2.6500000e+00	   7.8823094e+01	   8.3000000e+01	   1.5400000e+02	
   7.3647975e+05	   2.3200000e+00	   4.7889347e+01	  -5.3000000e+01	   4.7000000e+01	
   7.3647979e+05	   2.4400000e+00	   2.6503161e+00	  -8.1000000e+01	  -1.4500000e+02	
   7.3647983e+05	   2.5500000e+00	  -4.4826095e-02	  -2.1000000e+02	  -6.7000000e+01	
   7.3647988e+05	   2.5500000e+00	  -3.0321073e-02	  -1.7200000e+02	  -1.0300000e+02	
   7.3647992e+05	   2.5500000e+00	  -3.6541496e-02	  -2.6000000e+01	   1.0000000e+01	
   7.3647996e+05	   2.4500000e+00	  -3.8703302e-02	   1.1000000e+01	  -4.5000000e+01	
   7.3648000e+05	   2.1400000e+00	  -2.7796642e-02	   1.3000000e+01	   5.1000000e+01	
   7.3648004e+05	   2.1900000e+00	  -3.4853892e-02	   9.3000000e+01	   1.1200000e+02	
   7.3648008e+05	   2.4000000e+00	  -2.3127389e-02	   1.3300000e+02	   1.6900000e+02	
   7.3648013e+05	   2.3400000e+00	  -2.5319078e-02	   1.4100000e+02	   1.6100000e+02	
   7.3648017e+05	   2.1100000e+00	   2.2472913e+00	   1.3100000e+02	   1.4700000e+02	
   7.3648021e+05	   2.2300000e+00	   5.1247396e+01	             NaN	             NaN	
   7.3648025e+05	   2.4400000e+00	   8.7542060e+01	   6.5000000e+01	   6.0000000e+01	
   7.3648029e+05	   2.9800000e+00	   2.4154806e+02	  -2.8000000e+01	  -1.9100000e+02	
   7.3648033e+05	   2.7700000e+00	   2.7106873e+02	  -1.6000000e+02	  -1.4000000e+02	
   7.3648038e+05	   3.4500000e+00	   3.9129139e+02	  -2.1200000e+02	  -1.8500000e+02	
   7.3648042e+05	   3.0200000e+00	   5.6241986e+02	  -1.4100000e+02	  -1.2400000e+02	
   7.3648046e+05	   2.1500000e+00	   1.2196346e+03	             NaN	             NaN	
   7.3648050e+05	   2.1700000e+00	   1.3554699e+03	  -3.2000000e+01	  -4.3000000e+01	
   7.3648054e+05	   1.4500000e+00	   1.7998861e+03	   7.0000000e+01	  -6.0000000e+00	
   7.3648058e+05	   2.4100000e+00	   7.8401659e+02	   1.0600000e+02	   9.5000000e+01	
   7.3648063e+05	   2.2900000e+00	   7.0764790e+02	   7.0000000e+01	   9.6000000e+01	
   7.3648067e+05	   1.9500000e+00	   6.5171434e+02	   1.5600000e+02	   8.0000000e+01	
   7.3648071e+05	   2.8900000e+00	   4.2826863e+02	   1.3100000e+02	   8.6000000e+01	
   7.3648075e+05	   2.8900000e+00	   1.5570315e+02	   5.0000000e+01	   9.1000000e+01	
   7.3648079e+05	   2.5700000e+00	   1.4754982e+01	  -3.1000000e+01	   2.0000000e+01	
   7.3648083e+05	   2.8300000e+00	  -1.4279231e-03	  -6.6000000e+01	  -1.6300000e+02	
   7.3648088e+05	   2.8200000e+00	   2.3618588e+01	  -1.7700000e+02	  -7.0000000e+01	
   7.3648092e+05	   2.8800000e+00	  -5.8095116e-03	  -1.1300000e+02	  -1.1800000e+02	
   7.3648096e+05	   2.8400000e+00	  -4.8030140e-04	  -6.4000000e+01	  -8.3000000e+01	
   7.3648100e+05	   2.5500000e+00	  -1.2105114e-02	  -1.1300000e+02	  -2.1000000e+01	
   7.3648104e+05	   2.9800000e+00	  -1.4097495e-02	   4.0000000e+00	   2.7000000e+01	
   7.3648108e+05	   3.1700000e+00	   8.2430106e-03	   6.5000000e+01	   7.6000000e+01	
   7.3648113e+05	   2.8100000e+00	  -1.0865197e-02	   1.5300000e+02	   1.3100000e+02	
   7.3648117e+05	   2.7300000e+00	   7.7448601e+00	   1.0900000e+02	   8.7000000e+01	
   7.3648121e+05	   2.3300000e+00	   2.1303152e+02	   8.8000000e+01	   1.0000000e+02	
   7.3648125e+05	   2.2300000e+00	   7.0172133e+02	   6.0000000e+01	   1.2900000e+02	
   7.3648129e+05	   1.5600000e+00	   9.8942772e+02	  -1.9000000e+01	  -2.7000000e+01	
   7.3648133e+05	   1.1700000e+00	   1.3877136e+03	  -1.4400000e+02	  -8.0000000e+01	
   7.3648138e+05	   1.1100000e+00	   1.7933125e+03	  -2.0100000e+02	  -1.2300000e+02	
   7.3648142e+05	   1.8000000e+00	   1.6927701e+03	  -2.0700000e+02	  -1.9400000e+02	
   7.3648146e+05	   1.2400000e+00	   2.1334507e+03	             NaN	             NaN	
   7.3648150e+05	   1.1200000e+00	   2.0412017e+03	  -2.2000000e+01	   9.4000000e+01	
   7.3648154e+05	   1.3900000e+00	   1.9338873e+03	  -3.6000000e+01	  -3.4000000e+01	
   7.3648158e+05	   1.4000000e+00	   1.7033648e+03	   1.0800000e+02	   5.3000000e+01	
   7.3648163e+05	   1.4700000e+00	   1.3850502e+03	   1.3600000e+02	   2.6000000e+01	
   7.3648167e+05	   1.6400000e+00	   1.0523470e+03	   1.3100000e+02	   1.1300000e+02	
   7.3648171e+05	   2.1800000e+00	   7.0647248e+02	             NaN	             NaN	
   7.3648175e+05	   2.9600000e+00	   2.9876154e+02	   1.6000000e+02	   1.3900000e+02	
   7.3648179e+05	   2.5200000e+00	   2.0314841e+01	   1.0400000e+02	   1.5800000e+02	
   7.3648183e+05	   2.6200000e+00	   3.2972042e-03	   1.9000000e+01	   1.0000000e+00	
   7.3648188e+05	   2.9400000e+00	   3.7515434e-03	  -7.5000000e+01	  -1.1200000e+02	
   7.3648192e+05	   3.0600000e+00	   7.9704071e-03	  -1.8000000e+02	  -1.0000000e+00	
   7.3648196e+05	   2.8800000e+00	   3.3101854e-03	  -1.3700000e+02	  -1.6000000e+02	
   7.3648200e+05	   3.8800000e+00	   9.0348588e-03	  -2.5000000e+01	  -8.7000000e+01	
   7.3648204e+05	   3.5400000e+00	   6.1644026e-03	   6.0000000e+00	   2.6000000e+01	
   7.3648208e+05	   3.4000000e+00	   1.4616740e-02	   3.4000000e+01	  -2.6000000e+01	
   7.3648213e+05	   3.4800000e+00	   5.8155413e-03	   1.1600000e+02	   1.2200000e+02	
   7.3648217e+05	   5.2200000e+00	   1.4860436e+01	   1.4900000e+02	   1.5600000e+02	
   7.3648221e+05	   3.7600000e+00	   2.5280983e+02	   1.3200000e+02	   1.7900000e+02	
   7.3648225e+05	   2.1400000e+00	   6.8329547e+02	   7.7000000e+01	   1.3400000e+02	
   7.3648229e+05	   1.5000000e+00	   1.0681525e+03	   2.1000000e+01	   6.6000000e+01	
   7.3648233e+05	   1.1400000e+00	   1.3664420e+03	  -3.0000000e+01	  -5.8000000e+01	
   7.3648238e+05	   1.3300000e+00	   1.7024325e+03	  -5.1000000e+01	  -9.6000000e+01	
   7.3648242e+05	   1.2900000e+00	   1.9416176e+03	  -2.0700000e+02	  -9.7000000e+01	
   7.3648246e+05	   2.0400000e+00	   2.0149652e+03	  -2.0700000e+02	  -1.7900000e+02	
   7.3648250e+05	   1.6700000e+00	   1.5970064e+03	  -1.5400000e+02	  -1.2500000e+02	
   7.3648254e+05	   1.4300000e+00	   1.6963195e+03	  -6.5000000e+01	  -1.4000000e+01	
   7.3648258e+05	   2.6800000e+00	   1.5762078e+03	  -4.8000000e+01	  -8.3000000e+01	
   7.3648263e+05	   2.0300000e+00	   1.4322654e+03	   7.2000000e+01	  -1.1000000e+01	
   7.3648267e+05	   2.3200000e+00	   1.1080692e+03	   1.5100000e+02	   1.6400000e+02	
   7.3648271e+05	   3.0500000e+00	   6.4605062e+02	   1.7100000e+02	   1.6900000e+02	
   7.3648275e+05	   3.4500000e+00	   2.6680967e+02	   1.8100000e+02	   2.2500000e+02	
   7.3648279e+05	   2.7700000e+00	   1.9828802e+01	   1.6800000e+02	   2.4600000e+02	
   7.3648283e+05	   2.6800000e+00	  -9.6006080e-03	   1.0000000e+02	   1.6800000e+02	
   7.3648288e+05	   2.4000000e+00	  -2.4892011e-02	   7.0000000e+01	   2.0000000e+01	
   7.3648292e+05	   2.5800000e+00	  -3.3900533e-02	  -1.1100000e+02	  -1.1300000e+02	
   7.3648296e+05	   2.5400000e+00	  -1.9107576e-02	  -1.3800000e+02	  -4.5000000e+01	
   7.3648300e+05	   3.0100000e+00	  -1.8452061e-02	  -1.5400000e+02	  -1.3700000e+02	
   7.3648304e+05	   4.2800000e+00	  -3.4616791e-02	  -9.8000000e+01	  -1.1700000e+02	
   7.3648308e+05	   2.7200000e+00	  -2.7420069e-02	   5.1000000e+01	   3.0000000e+00	
   7.3648313e+05	   4.5000000e+00	  -1.4965277e-02	  -1.0000000e+00	  -8.0000000e+00	
   7.3648317e+05	   3.4300000e+00	   1.3152233e+01	   1.0200000e+02	   8.6000000e+01	
   7.3648321e+05	   4.5700000e+00	   2.4506855e+02	   1.4100000e+02	   1.2900000e+02	
   7.3648325e+05	   2.7300000e+00	   6.3351245e+02	   8.0000000e+01	   1.2100000e+02	
   7.3648329e+05	   2.2300000e+00	   5.8168133e+02	   4.7000000e+01	  -4.0000000e+00	
   7.3648333e+05	   1.5700000e+00	   8.2409861e+02	   6.3000000e+01	   1.1800000e+02	
   7.3648338e+05	   1.2000000e+00	   1.3222080e+03	  -5.0000000e+00	   3.8000000e+01	
   7.3648342e+05	   1.2400000e+00	   2.1834078e+03	  -5.0000000e+01	  -2.4000000e+01	
   7.3648346e+05	   1.4500000e+00	   2.1186778e+03	  -1.7400000e+02	  -9.3000000e+01	
   7.3648350e+05	   1.8600000e+00	   1.6638860e+03	  -2.3400000e+02	  -1.5900000e+02	
   7.3648354e+05	   2.0600000e+00	   1.4285051e+03	  -1.9300000e+02	  -1.7300000e+02	
   7.3648358e+05	   2.4200000e+00	   1.0746452e+03	   1.3000000e+01	  -7.2000000e+01	
   7.3648363e+05	   5.2300000e+00	   4.7527259e+02	  -6.0000000e+01	  -2.0000000e+01	
   7.3648367e+05	   4.9700000e+00	   3.0691343e+02	   9.6000000e+01	   8.6000000e+01	
   7.3648371e+05	   5.0300000e+00	   2.4331696e+02	   1.4600000e+02	   1.3400000e+02	
   7.3648375e+05	   2.6900000e+00	   6.1429482e+01	   1.8800000e+02	   2.5000000e+02	
   7.3648379e+05	   2.2500000e+00	   4.1312541e+00	   1.9500000e+02	   1.8900000e+02	
   7.3648383e+05	   2.2500000e+00	  -3.1153277e-02	   1.6600000e+02	   1.4600000e+02	
   7.3648388e+05	   2.2000000e+00	  -1.9247047e-02	   1.0100000e+02	   1.1000000e+02	
   7.3648392e+05	   2.2200000e+00	  -2.7922166e-02	  -2.0000000e+01	   3.7000000e+01	
   7.3648396e+05	   2.6900000e+00	  -2.4784060e-02	  -1.6200000e+02	  -1.5400000e+02	
   7.3648400e+05	   2.6700000e+00	  -2.7573488e-02	  -1.9800000e+02	  -1.4800000e+02	
   7.3648404e+05	   3.6100000e+00	  -2.0893986e-02	  -1.4600000e+02	  -1.4400000e+02	
   7.3648408e+05	   4.2300000e+00	  -1.3723982e-02	  -1.6200000e+02	  -1.5400000e+02	
   7.3648413e+05	   2.8000000e+00	  -2.1938845e-02	   7.1000000e+01	   3.1000000e+01	
   7.3648417e+05	   3.9300000e+00	   9.0946554e-01	   5.1000000e+01	   5.4000000e+01	
   7.3648421e+05	   3.1700000e+00	   2.5007563e+01	   1.0500000e+02	   1.3900000e+02	
   7.3648425e+05	   2.9600000e+00	   1.1920354e+02	   1.7000000e+02	   1.2500000e+02	
   7.3648429e+05	   2.8100000e+00	   1.9653640e+02	   1.7800000e+02	   1.8700000e+02	
   7.3648433e+05	   2.6500000e+00	   4.4455470e+02	   1.5500000e+02	   1.9300000e+02	
   7.3648438e+05	   2.0300000e+00	   6.9994741e+02	   9.5000000e+01	   1.2300000e+02	
   7.3648442e+05	   2.3600000e+00	   6.5654934e+02	   4.4000000e+01	   9.0000000e+01	
   7.3648446e+05	   1.9000000e+00	   9.2252445e+02	  -2.4000000e+01	  -8.8000000e+01	
   7.3648450e+05	   2.1500000e+00	   1.0712545e+03	  -1.0500000e+02	  -1.0600000e+02	
   7.3648454e+05	   3.3800000e+00	   8.0488781e+02	  -1.5300000e+02	  -1.8800000e+02	
   7.3648458e+05	   3.9300000e+00	   5.9614653e+02	  -9.2000000e+01	  -1.0100000e+02	
   7.3648463e+05	   4.4900000e+00	   6.3256821e+02	  -3.9000000e+01	  -4.7000000e+01	
   7.3648467e+05	   4.0500000e+00	   4.9541731e+02	  -1.0000000e+01	   5.0000000e+00	
   7.3648471e+05	   4.3900000e+00	   1.9532130e+02	   9.5000000e+01	   1.2600000e+02	
   7.3648475e+05	   3.2400000e+00	   7.5217050e+01	   1.5300000e+02	   1.5700000e+02	
   7.3648479e+05	   2.9400000e+00	   7.5211176e+00	   1.9000000e+02	   1.8900000e+02	
   7.3648483e+05	   3.0500000e+00	  -1.0229122e-02	   1.4700000e+02	   2.1800000e+02	
   7.3648488e+05	   2.8400000e+00	  -1.3301712e-02	   1.7700000e+02	   1.9000000e+02	
   7.3648492e+05	   3.0000000e+00	  -8.6843686e-03	             NaN	             NaN	
   7.3648496e+05	   2.7700000e+00	  -2.2197714e-03	  -2.0000000e+00	  -3.4000000e+01	
   7.3648500e+05	   3.0900000e+00	  -5.6248488e-03	  -1.8300000e+02	  -7.9000000e+01	
   7.3648504e+05	   3.6300000e+00	  -1.6667757e-02	  -2.0400000e+02	  -1.5600000e+02	
   7.3648508e+05	   4.0800000e+00	  -9.2685190e-03	  -2.1500000e+02	  -2.0100000e+02	
   7.3648513e+05	   4.5500000e+00	  -3.5661389e-02	  -1.3900000e+02	  -1.1600000e+02	
   7.3648517e+05	   4.9100000e+00	   3.6838858e+00	  -6.8000000e+01	  -6.1000000e+01	
   7.3648521e+05	   4.4800000e+00	   8.5711435e+01	   4.1000000e+01	   8.0000000e+00	
   7.3648525e+05	   4.6200000e+00	   2.9936692e+02	   8.2000000e+01	   1.2300000e+02	
   7.3648529e+05	   3.2200000e+00	   4.6793977e+02	   1.4600000e+02	   1.5200000e+02	
   7.3648533e+05	   2.5700000e+00	   5.9916074e+02	   1.6100000e+02	   1.2000000e+02	
   7.3648538e+05	   1.9800000e+00	   7.5225932e+02	   1.3000000e+02	   1.0600000e+02	
   7.3648542e+05	   1.7700000e+00	   1.9921324e+03	   7.4000000e+01	   1.5900000e+02	
   7.3648546e+05	   8.9000000e-01	   1.9339875e+03	   3.9000000e+01	   1.1300000e+02	
   7.3648550e+05	   2.0200000e+00	   2.0328782e+03	  -3.1000000e+01	  -1.6300000e+02	
   7.3648554e+05	   1.8700000e+00	   9.9263324e+02	  -1.8200000e+02	  -1.2600000e+02	
   7.3648558e+05	   3.6400000e+00	   4.7116498e+02	  -2.2900000e+02	  -1.9700000e+02	
   7.3648563e+05	   3.7700000e+00	   7.2761796e+02	  -1.6600000e+02	  -1.3800000e+02	
   7.3648567e+05	   3.9100000e+00	   6.0614158e+02	   2.5000000e+01	  -6.5000000e+01	
   7.3648571e+05	   5.4400000e+00	   2.8189517e+02	             NaN	             NaN	
   7.3648575e+05	   3.7800000e+00	   1.0345131e+02	   7.4000000e+01	   1.1800000e+02	
   7.3648579e+05	   2.8400000e+00	  -8.8972979e+00	   1.5500000e+02	   1.8600000e+02	
   7.3648583e+05	   3.2900000e+00	  -1.2578704e-02	   1.7400000e+02	   1.7300000e+02	
   7.3648588e+05	   3.0800000e+00	  -1.2461874e-02	   2.3400000e+02	   2.3100000e+02	
   7.3648592e+05	   3.0100000e+00	  -9.5281414e-03	   1.5900000e+02	   1.9500000e+02	
   7.3648596e+05	   3.2500000e+00	  -1.1890705e-02	   6.2000000e+01	   1.1000000e+02	
   7.3648600e+05	   3.2500000e+00	  -3.6426674e-03	   2.0000000e+01	  -3.6000000e+01	
   7.3648604e+05	   2.9300000e+00	  -2.5045064e-02	  -1.3800000e+02	  -6.3000000e+01	
   7.3648608e+05	   2.8800000e+00	  -2.3723241e-02	  -2.3400000e+02	  -1.4500000e+02	
   7.3648613e+05	   3.9900000e+00	  -1.1993803e-02	  -2.1300000e+02	  -1.9700000e+02	
   7.3648617e+05	   4.1900000e+00	   6.1271999e+00	  -1.3100000e+02	  -1.5400000e+02	
   7.3648621e+05	   4.3000000e+00	   6.2198682e+01	  -4.3000000e+01	  -7.0000000e+01	
   7.3648625e+05	   5.7700000e+00	   1.8950709e+02	   4.2000000e+01	  -4.0000000e+00	
   7.3648629e+05	   3.9900000e+00	   3.0944731e+02	   1.1200000e+02	   1.0700000e+02	
   7.3648633e+05	   3.7900000e+00	   4.8017500e+02	   1.2000000e+02	   1.1100000e+02	
   7.3648638e+05	   4.4800000e+00	   4.6521275e+02	   1.8700000e+02	   1.6600000e+02	
   7.3648642e+05	   4.0000000e+00	   3.8338607e+02	   1.1900000e+02	   1.3000000e+02	
   7.3648646e+05	   3.3900000e+00	   4.9200258e+02	   3.3000000e+01	   7.6000000e+01	
   7.3648650e+05	   3.7300000e+00	   3.1248766e+02	   3.6000000e+01	   7.7000000e+01	
   7.3648654e+05	   4.6400000e+00	   3.1685147e+02	  -1.5300000e+02	  -8.2000000e+01	
   7.3648658e+05	   4.9600000e+00	   1.3093199e+02	  -2.1400000e+02	  -2.1300000e+02	
   7.3648663e+05	   5.1000000e+00	   1.4158943e+02	  -2.1500000e+02	  -1.8600000e+02	
   7.3648667e+05	   5.8700000e+00	   6.9549220e+01	  -1.4700000e+02	  -1.5000000e+02	
   7.3648671e+05	   5.7800000e+00	   7.3029250e+01	  -2.6000000e+01	  -9.0000000e+01	
   7.3648675e+05	   5.4200000e+00	   3.9013630e+01	  -3.2000000e+01	   6.7000000e+01	
   7.3648679e+05	   4.5800000e+00	   1.4038042e+00	   1.5900000e+02	   1.6100000e+02	
   7.3648683e+05	   3.9300000e+00	  -1.6084497e-02	   1.9300000e+02	   1.9100000e+02	
   7.3648688e+05	   3.9200000e+00	   2.3592509e+01	   1.9400000e+02	   1.3800000e+02	
   7.3648692e+05	   3.6600000e+00	  -7.2953889e-03	   1.9000000e+02	   2.0600000e+02	
   7.3648696e+05	   3.8300000e+00	   1.0384895e-04	   1.5600000e+02	   2.1900000e+02	
   7.3648700e+05	   3.8000000e+00	  -2.1520431e-02	  -6.0000000e+00	   1.1300000e+02	
   7.3648704e+05	   3.7300000e+00	  -1.1150781e-02	  -7.0000000e+01	  -2.7000000e+01	
   7.3648708e+05	   3.5800000e+00	  -2.2025743e-02	  -1.7600000e+02	  -1.6100000e+02	
   7.3648713e+05	   3.8200000e+00	  -2.0592608e-02	  -1.9200000e+02	  -1.8000000e+02	
   7.3648717e+05	   4.6900000e+00	   1.0122113e+01	  -1.8400000e+02	  -1.8500000e+02	
   7.3648721e+05	   4.9300000e+00	   9.5658110e+01	  -1.2800000e+02	  -1.9900000e+02	
   7.3648725e+05	   4.5600000e+00	   2.0796617e+02	   1.1000000e+01	   3.0000000e+01	
   7.3648729e+05	   5.6200000e+00	   3.6117524e+02	   4.9000000e+01	   7.8000000e+01	
   7.3648733e+05	   3.4600000e+00	   6.5729277e+02	   1.8500000e+02	   1.3300000e+02	
   7.3648738e+05	   3.5100000e+00	   6.3051674e+02	   1.7800000e+02	   2.7400000e+02	
   7.3648742e+05	   2.1700000e+00	   1.4274920e+03	   2.3700000e+02	   2.6600000e+02	
   7.3648746e+05	   1.5900000e+00	   1.4507466e+03	   2.1500000e+02	   2.3000000e+02	
   7.3648750e+05	   2.0800000e+00	   1.1882709e+03	   8.9000000e+01	   1.2400000e+02	
   7.3648754e+05	   1.7100000e+00	   1.5669281e+03	  -4.4000000e+01	   8.2000000e+01	
   7.3648758e+05	   2.1000000e+00	   1.7752325e+03	  -6.3000000e+01	  -6.1000000e+01	
   7.3648763e+05	   2.3600000e+00	   1.4625041e+03	  -1.6300000e+02	  -7.7000000e+01	
   7.3648767e+05	   2.3900000e+00	   1.1248029e+03	  -1.8000000e+02	  -9.7000000e+01	
   7.3648771e+05	   3.8000000e+00	   7.4948660e+02	  -9.4000000e+01	  -7.6000000e+01	
   7.3648775e+05	   4.7100000e+00	   3.5021286e+02	   6.4000000e+01	   2.3000000e+01	
   7.3648779e+05	   4.3600000e+00	   3.4645215e+01	   2.6000000e+01	   1.4000000e+01	
   7.3648783e+05	   4.1300000e+00	   1.6200437e-02	   1.1600000e+02	   1.1100000e+02	
   7.3648788e+05	   3.7100000e+00	  -4.7510896e-03	   1.8200000e+02	   2.0800000e+02	
   7.3648792e+05	   3.9000000e+00	  -1.5123004e-02	   2.1200000e+02	   2.3800000e+02	
   7.3648796e+05	   3.7200000e+00	  -8.6713875e-03	   1.9800000e+02	   2.7100000e+02	
   7.3648800e+05	   3.9200000e+00	  -2.5844043e-02	   1.1400000e+02	   2.0900000e+02	
   7.3648804e+05	   3.8000000e+00	  -9.1589265e-03	  -1.5000000e+01	   4.2000000e+01	
   7.3648808e+05	   3.7700000e+00	  -1.5555768e-02	  -9.2000000e+01	  -1.3400000e+02	
   7.3648813e+05	   3.7900000e+00	  -2.0358985e-02	  -2.4500000e+02	  -1.0800000e+02	
   7.3648817e+05	   3.5800000e+00	   1.6358917e+01	  -2.0400000e+02	  -1.3400000e+02	
   7.3648821e+05	   5.7000000e+00	   2.4925243e+02	  -1.9100000e+02	  -1.8500000e+02	
   7.3648825e+05	   5.1600000e+00	   7.0764236e+02	  -1.2400000e+02	  -8.9000000e+01	
   7.3648829e+05	   4.5400000e+00	   2.0392334e+02	  -3.6000000e+01	  -2.9000000e+01	
   7.3648833e+05	   5.5000000e+00	   1.7227957e+02	   7.3000000e+01	   4.0000000e+01	
   7.3648838e+05	   4.8000000e+00	   8.8431303e+01	   1.7300000e+02	   1.7600000e+02	
   7.3648842e+05	   3.0000000e+00	   1.6931460e+03	   1.8200000e+02	   1.2500000e+02	
   7.3648846e+05	   2.8900000e+00	   1.1536118e+03	   1.9700000e+02	   1.7300000e+02	
   7.3648850e+05	   1.9600000e+00	   9.7823223e+02	   1.5200000e+02	   1.2900000e+02	
   7.3648854e+05	   3.5800000e+00	   6.4657615e+02	   7.3000000e+01	   1.1800000e+02	
   7.3648858e+05	   2.1200000e+00	   1.8997333e+03	  -4.3000000e+01	  -1.1700000e+02	
   7.3648863e+05	   2.4100000e+00	   1.5159021e+03	  -2.0000000e+02	  -1.6900000e+02	
   7.3648867e+05	   6.2000000e+00	   3.3129652e+02	  -2.1900000e+02	  -2.3500000e+02	
   7.3648871e+05	   5.4000000e+00	   4.7195526e+02	  -1.7400000e+02	  -1.3300000e+02	
   7.3648875e+05	   5.3900000e+00	   2.7580475e+02	  -1.3000000e+01	  -6.7000000e+01	
   7.3648879e+05	   5.4200000e+00	   1.5695536e+01	  -3.0000000e+01	   5.1000000e+01	
   7.3648883e+05	   5.1500000e+00	   1.4331155e-02	   8.4000000e+01	   4.6000000e+01	
   7.3648888e+05	   5.3300000e+00	   2.8688273e-03	   1.7800000e+02	   1.6100000e+02	
   7.3648892e+05	   4.4500000e+00	  -5.7376546e-03	   1.8700000e+02	   2.3600000e+02	
   7.3648896e+05	   4.2300000e+00	  -6.1660315e-03	   1.4000000e+02	   1.7300000e+02	
   7.3648900e+05	   4.1800000e+00	  -1.5082694e-02	   1.1800000e+02	   1.8100000e+02	
   7.3648904e+05	   4.2400000e+00	  -6.1660315e-03	   6.3000000e+01	   1.1300000e+02	
   7.3648908e+05	   4.1400000e+00	  -5.1499780e-03	  -3.8000000e+01	  -1.1700000e+02	
   7.3648913e+05	   4.1700000e+00	  -3.9792096e-03	  -1.5400000e+02	  -1.6200000e+02	
   7.3648917e+05	   4.3300000e+00	   8.7210630e+00	  -2.2700000e+02	  -2.3100000e+02	
   7.3648921e+05	   4.5300000e+00	   1.0336225e+02	  -2.3000000e+02	  -1.4900000e+02	
   7.3648925e+05	   5.5800000e+00	   2.5821392e+02	  -2.0600000e+02	  -2.2400000e+02	
   7.3648929e+05	   3.7600000e+00	   6.8923879e+02	  -8.6000000e+01	  -1.5600000e+02	
   7.3648933e+05	   5.0200000e+00	   4.3047897e+02	  -4.6000000e+01	  -1.2000000e+01	
   7.3648938e+05	   2.4800000e+00	   1.7192042e+03	   3.8000000e+01	   1.0000000e+01	
   7.3648942e+05	   2.5800000e+00	   1.9894132e+03	   1.4300000e+02	   8.0000000e+01	
   7.3648946e+05	   2.5700000e+00	   2.0910595e+03	   1.8400000e+02	   8.5000000e+01	
   7.3648950e+05	   2.0700000e+00	   2.4592755e+03	   2.1000000e+02	   1.7600000e+02	
   7.3648954e+05	   2.1500000e+00	   1.9793456e+03	   1.2700000e+02	   7.9000000e+01	
   7.3648958e+05	   3.0300000e+00	   8.2761127e+02	             NaN	             NaN	
   7.3648963e+05	   2.2900000e+00	   1.5203762e+03	  -1.5000000e+01	  -1.0600000e+02	
   7.3648967e+05	   2.4600000e+00	   1.2586773e+03	  -1.5700000e+02	  -1.2300000e+02	
   7.3648971e+05	   4.8100000e+00	   2.5681451e+02	  -2.0200000e+02	  -2.0700000e+02	
   7.3648975e+05	   6.2900000e+00	   2.8920662e+02	  -1.5000000e+02	  -1.2700000e+02	
   7.3648979e+05	   5.8400000e+00	   2.1800180e+01	  -4.2000000e+01	  -1.0300000e+02	
   7.3648983e+05	   5.5100000e+00	   2.3627233e+01	  -4.3000000e+01	   3.8000000e+01	
   7.3648988e+05	   5.6000000e+00	  -1.5430542e-02	   2.8000000e+01	   1.1000000e+01	
   7.3648992e+05	   5.3400000e+00	  -1.5388801e-02	   1.0200000e+02	   1.5600000e+02	
   7.3648996e+05	   4.5300000e+00	  -2.1900517e-02	   1.8900000e+02	   1.1700000e+02	
   7.3649000e+05	   4.3300000e+00	  -1.8822623e-03	   1.8800000e+02	   1.1300000e+02	
   7.3649004e+05	   4.0700000e+00	  -2.1492536e-02	   9.2000000e+01	   9.8000000e+01	
   7.3649008e+05	   3.9900000e+00	  -3.0638462e-02	  -2.0000000e+00	  -1.3000000e+01	
   7.3649013e+05	   3.9500000e+00	  -2.3417241e-02	  -1.1200000e+02	  -8.7000000e+01	
   7.3649017e+05	   4.3400000e+00	   1.1197020e+01	  -2.3800000e+02	  -1.5000000e+02	
   7.3649021e+05	   5.0600000e+00	   1.5004194e+02	  -2.3400000e+02	  -2.3400000e+02	
   7.3649025e+05	   6.1100000e+00	   3.3382788e+02	  -2.1400000e+02	  -1.6100000e+02	
   7.3649029e+05	   5.5900000e+00	   5.1734382e+02	  -2.0000000e+02	  -2.5900000e+02	
   7.3649033e+05	   2.4300000e+00	   1.3976596e+03	  -1.5200000e+02	  -2.1000000e+02	
   7.3649038e+05	   3.9000000e+00	   8.9584903e+02	  -8.1000000e+01	  -9.5000000e+01	
   7.3649042e+05	   3.7200000e+00	   1.3284095e+03	   2.0000000e+01	   7.1000000e+01	
   7.3649046e+05	   3.2500000e+00	   9.0322348e+02	   1.9200000e+02	   1.4000000e+02	
   7.3649050e+05	   2.1800000e+00	   2.2334797e+03	   1.8300000e+02	   1.2500000e+02	
   7.3649054e+05	   2.2700000e+00	   1.4391221e+03	   8.9000000e+01	   1.3500000e+02	
   7.3649058e+05	   1.7900000e+00	   2.2638714e+03	   3.4000000e+01	   2.1000000e+01	
   7.3649063e+05	   1.9200000e+00	   1.4693821e+03	   2.0000000e+00	  -6.4000000e+01	
   7.3649067e+05	   4.3500000e+00	   5.5151251e+02	  -1.5900000e+02	  -1.4500000e+02	
   7.3649071e+05	   5.2300000e+00	   3.6170049e+02	  -2.7000000e+02	  -2.1100000e+02	
   7.3649075e+05	   5.8800000e+00	   2.3833993e+02	  -2.1900000e+02	  -1.5900000e+02	
   7.3649079e+05	   5.9400000e+00	   1.0041727e+01	  -1.6200000e+02	  -2.2200000e+02	
   7.3649083e+05	   5.2200000e+00	  -5.7270073e-03	  -1.1100000e+02	  -1.3500000e+02	
   7.3649088e+05	   5.4500000e+00	  -2.1325171e-02	  -7.6000000e+01	  -2.2000000e+01	
   7.3649092e+05	   5.4300000e+00	  -3.6101965e-03	   4.7000000e+01	  -3.7000000e+01	
   7.3649096e+05	   5.0800000e+00	  -1.7336290e-02	   1.0000000e+02	   7.5000000e+01	
   7.3649100e+05	   4.5500000e+00	  -1.3096361e-02	   1.3400000e+02	   1.3200000e+02	
   7.3649104e+05	   4.5900000e+00	  -9.6793123e-03	   3.5000000e+01	   3.2000000e+01	
   7.3649108e+05	   4.6800000e+00	  -3.0516333e-02	   7.5000000e+01	   9.9000000e+01	
   7.3649113e+05	   4.3700000e+00	  -2.2524624e-02	  -7.1000000e+01	  -1.0800000e+02	
   7.3649117e+05	   4.4700000e+00	   1.2038205e+01	  -4.8000000e+01	  -1.2500000e+02	
   7.3649121e+05	   4.1700000e+00	   9.4371191e+01	  -2.5500000e+02	  -1.4800000e+02	
   7.3649125e+05	   5.6100000e+00	   2.5358921e+02	  -2.0600000e+02	  -1.4800000e+02	
   7.3649129e+05	   2.3400000e+00	   1.1256837e+03	  -2.2100000e+02	  -2.1100000e+02	
   7.3649133e+05	   2.0500000e+00	   1.4667201e+03	  -1.3300000e+02	  -2.3400000e+02	
   7.3649138e+05	   1.6000000e+00	   1.5823578e+03	  -1.0700000e+02	  -1.0500000e+02	
   7.3649142e+05	   1.8500000e+00	   1.6128237e+03	  -5.3000000e+01	  -6.0000000e+00	
   7.3649146e+05	   1.8500000e+00	   1.4122876e+03	   1.2600000e+02	   1.1400000e+02	
   7.3649150e+05	   2.2900000e+00	   9.6039890e+02	   1.8600000e+02	   1.8700000e+02	
   7.3649154e+05	   3.8800000e+00	   1.4912443e+03	   1.3700000e+02	   1.3600000e+02	
   7.3649158e+05	   4.6700000e+00	   7.1902332e+02	   9.6000000e+01	   1.0500000e+02	
   7.3649163e+05	   4.4000000e+00	   6.2537633e+02	             NaN	             NaN	
   7.3649167e+05	   2.1200000e+00	   1.4075055e+03	  -3.5000000e+01	  -6.2000000e+01	
   7.3649171e+05	   2.3600000e+00	   1.0255826e+03	  -5.8000000e+01	  -8.1000000e+01	
   7.3649175e+05	   5.0000000e+00	   3.7468455e+02	  -1.6300000e+02	  -1.5000000e+02	
   7.3649179e+05	   4.5700000e+00	   3.0680251e+01	  -1.5600000e+02	  -8.6000000e+01	
   7.3649183e+05	   5.0500000e+00	   1.4370099e-02	  -2.0800000e+02	  -1.9100000e+02	
   7.3649188e+05	   4.8200000e+00	   2.3737209e+01	             NaN	             NaN	
   7.3649192e+05	   5.0200000e+00	  -2.1743585e-02	  -1.9000000e+01	   1.2900000e+02	
   7.3649196e+05	   5.0600000e+00	  -2.9023990e-02	   7.7000000e+01	   5.4000000e+01	
   7.3649200e+05	   4.7500000e+00	   2.3669539e+01	   1.5600000e+02	   1.5100000e+02	
   7.3649204e+05	   4.3100000e+00	   2.3561912e+01	   1.7100000e+02	   1.8700000e+02	
   7.3649208e+05	   4.1500000e+00	  -3.5300201e-02	   1.2100000e+02	   1.7000000e+02	
   7.3649213e+05	   3.9900000e+00	  -2.3528818e-02	   5.5000000e+01	   7.1000000e+01	
   7.3649217e+05	   5.0100000e+00	   1.3350633e+01	  -2.0000000e+00	   1.8000000e+01	
   7.3649221e+05	   4.0700000e+00	   2.1983210e+02	  -5.1000000e+01	  -1.0500000e+02	
   7.3649225e+05	   3.0200000e+00	   6.3822452e+02	  -1.2500000e+02	  -8.0000000e+01	
   7.3649229e+05	   2.0300000e+00	   1.0729476e+03	  -1.6400000e+02	  -1.2700000e+02	
   7.3649233e+05	   1.7000000e+00	   1.4795393e+03	  -1.5200000e+02	  -1.5100000e+02	
   7.3649238e+05	   3.3900000e+00	   6.2902833e+02	  -1.4100000e+02	  -1.1500000e+02	
   7.3649242e+05	   4.8300000e+00	   4.5359995e+02	   1.8000000e+01	   4.0000000e+01	
   7.3649246e+05	   4.9500000e+00	   4.5351376e+02	   1.4000000e+01	   4.5000000e+01	
   7.3649250e+05	   4.3700000e+00	   6.3878360e+02	   5.6000000e+01	   1.0100000e+02	
   7.3649254e+05	   5.0800000e+00	   4.3913493e+02	   1.3200000e+02	   1.5900000e+02	
   7.3649258e+05	   5.0900000e+00	   3.6829723e+02	   8.9000000e+01	   1.5200000e+02	
   7.3649263e+05	   5.6800000e+00	   2.4486145e+02	   1.0000000e+02	   1.0500000e+02	
   7.3649267e+05	   5.2500000e+00	   1.9086861e+02	   4.0000000e+01	   1.0000000e+01	
   7.3649271e+05	   4.9700000e+00	   4.4776617e+01	  -1.6000000e+01	   5.0000000e+01	
   7.3649275e+05	   4.6400000e+00	   3.0859767e+01	             NaN	             NaN	
   7.3649279e+05	   4.6100000e+00	   5.5735615e+00	  -1.2500000e+02	  -1.3800000e+02	
   7.3649283e+05	   4.8600000e+00	  -1.8493902e-02	  -1.8100000e+02	  -1.3000000e+02	
   7.3649288e+05	   4.6600000e+00	  -2.3194087e-02	  -1.5500000e+02	  -9.8000000e+01	
   7.3649292e+05	   4.7800000e+00	  -1.7545497e-02	  -6.2000000e+01	  -6.0000000e+01	
   7.3649296e+05	   4.5800000e+00	  -2.2622254e-02	   2.0000000e+00	   2.0000000e+00	
   7.3649300e+05	   4.4400000e+00	  -2.2636201e-02	   3.5000000e+01	   1.2000000e+01	
   7.3649304e+05	   4.6000000e+00	  -2.1004387e-02	   8.4000000e+01	   1.3000000e+02	
   7.3649308e+05	   4.3700000e+00	  -2.9623717e-02	   1.5100000e+02	   1.3000000e+02	
   7.3649313e+05	   4.2500000e+00	  -1.6583145e-02	   1.0600000e+02	   8.7000000e+01	
   7.3649317e+05	   4.1800000e+00	   1.0840578e+01	   7.4000000e+01	   1.0300000e+02	
   7.3649321e+05	   4.1100000e+00	   1.2538489e+02	   4.0000000e+00	   2.2000000e+01	
   7.3649325e+05	   3.5800000e+00	   1.8332796e+02	  -2.9000000e+01	  -3.8000000e+01	
   7.3649329e+05	   4.1900000e+00	   4.2641706e+02	  -1.3600000e+02	  -8.1000000e+01	
   7.3649333e+05	   4.0700000e+00	   4.3664347e+02	  -1.9000000e+02	  -1.4900000e+02	
   7.3649338e+05	   1.7200000e+00	   1.7117041e+03	  -1.9400000e+02	  -1.4600000e+02	
   7.3649342e+05	   1.4700000e+00	   1.5185805e+03	  -8.5000000e+01	  -1.0400000e+02	
   7.3649346e+05	   3.8300000e+00	   5.6199243e+02	  -7.6000000e+01	   4.0000000e+00	
   7.3649350e+05	   3.6900000e+00	   6.8239556e+02	   7.0000000e+00	   6.0000000e+01	
   7.3649354e+05	   3.1500000e+00	   1.5066915e+03	   5.0000000e+01	   4.7000000e+01	
   7.3649358e+05	   3.2200000e+00	   8.2972311e+02	   1.3300000e+02	   1.2300000e+02	
   7.3649363e+05	   3.1800000e+00	   7.3238581e+02	   7.6000000e+01	   5.5000000e+01	
   7.3649367e+05	   4.2600000e+00	   1.5276574e+02	   7.1000000e+01	   5.2000000e+01	
   7.3649371e+05	   4.7900000e+00	   2.7735312e+02	   2.1000000e+01	   5.9000000e+01	
   7.3649375e+05	   4.9400000e+00	   8.5935281e+01	  -1.2000000e+02	  -6.1000000e+01	
   7.3649379e+05	   4.7600000e+00	   9.4087744e+00	  -1.0200000e+02	  -1.4900000e+02	
   7.3649383e+05	   4.6600000e+00	  -1.9763091e-02	  -1.5600000e+02	  -1.6200000e+02	
   7.3649388e+05	   4.6500000e+00	  -2.2789620e-02	  -1.6600000e+02	  -1.7200000e+02	
   7.3649392e+05	   4.8400000e+00	  -1.2697932e-02	  -1.0500000e+02	  -1.9200000e+02	
   7.3649396e+05	   5.2600000e+00	  -2.0585973e-02	  -8.2000000e+01	  -1.1900000e+02	
   7.3649400e+05	   5.5300000e+00	  -1.7280501e-02	  -8.1000000e+01	   3.5000000e+01	
   7.3649404e+05	   5.3900000e+00	  -1.9037840e-02	             NaN	             NaN	
   7.3649408e+05	   5.2300000e+00	  -2.2371206e-02	   7.5000000e+01	   7.5000000e+01	
   7.3649413e+05	   4.6000000e+00	  -1.0976396e-02	   8.9000000e+01	   1.0000000e+02	
   7.3649417e+05	   4.1600000e+00	   8.5986154e+00	             NaN	             NaN	
   7.3649421e+05	   3.8500000e+00	   5.4085660e+01	   5.1000000e+01	  -8.0000000e+00	
   7.3649425e+05	   4.0900000e+00	   4.0925096e+02	             NaN	             NaN	
   7.3649429e+05	   5.5400000e+00	   3.5864634e+02	  -1.1600000e+02	  -1.5500000e+02	
   7.3649433e+05	   3.4400000e+00	   6.4073467e+02	  -1.5400000e+02	  -1.6700000e+02	
   7.3649438e+05	   3.5500000e+00	   6.5841729e+02	  -1.7700000e+02	  -1.9500000e+02	
   7.3649442e+05	   3.6500000e+00	   5.9392078e+02	             NaN	             NaN	
   7.3649446e+05	   4.1500000e+00	   6.3737906e+02	  -6.9000000e+01	  -1.4500000e+02	
   7.3649450e+05	   5.2500000e+00	   3.9157010e+02	  -7.5000000e+01	  -4.4000000e+01	
   7.3649454e+05	   4.6000000e+00	   7.0304359e+02	  -1.0000000e+00	  -1.5000000e+01	
   7.3649458e+05	   3.9400000e+00	   8.9230359e+02	   5.1000000e+01	   1.4000000e+01	
   7.3649463e+05	   5.4600000e+00	   5.1237052e+02	   6.1000000e+01	   7.9000000e+01	
   7.3649467e+05	   5.5700000e+00	   1.5689508e+02	   1.5900000e+02	   9.0000000e+01	
   7.3649471e+05	   5.6300000e+00	   3.4801167e+02	   2.8000000e+01	   3.0000000e+01	
   7.3649475e+05	   5.2600000e+00	   8.4386802e+01	  -8.0000000e+00	  -1.7000000e+01	
   7.3649479e+05	   5.0700000e+00	   1.7098237e+01	  -7.1000000e+01	  -6.9000000e+01	
   7.3649483e+05	   5.3000000e+00	   2.2755902e-02	  -8.4000000e+01	  -1.4200000e+02	
   7.3649488e+05	   5.0400000e+00	  -3.6566240e-03	  -1.9600000e+02	  -1.3000000e+02	
   7.3649492e+05	   5.1000000e+00	  -7.0276888e-03	  -1.8700000e+02	  -2.0200000e+02	
   7.3649496e+05	   5.0200000e+00	  -9.0779934e-03	  -8.7000000e+01	  -1.4200000e+02	
   7.3649500e+05	   5.1500000e+00	  -1.1436366e-02	  -3.6000000e+01	  -8.4000000e+01	
   7.3649504e+05	   5.1100000e+00	  -7.4771246e-03	  -2.3000000e+01	   5.9000000e+01	
   7.3649508e+05	   5.1600000e+00	  -2.2546438e-03	   5.7000000e+01	   7.0000000e+01	
   7.3649513e+05	   4.9500000e+00	   4.5358885e-03	   7.5000000e+01	   9.4000000e+01	
   7.3649517e+05	   4.3100000e+00	   1.4831824e+01	   1.0900000e+02	   1.0700000e+02	
   7.3649521e+05	   4.2000000e+00	   1.2585358e+02	   1.1300000e+02	   8.9000000e+01	
   7.3649525e+05	   4.2300000e+00	   2.1483501e+02	   3.6000000e+01	   6.0000000e+00	
   7.3649529e+05	   4.8300000e+00	   2.4700911e+02	  -8.3000000e+01	  -4.6000000e+01	
   7.3649533e+05	   3.0800000e+00	   5.2527718e+02	  -1.1500000e+02	  -1.3200000e+02	
   7.3649538e+05	   1.8500000e+00	   1.8719953e+03	  -1.0800000e+02	  -1.5100000e+02	
   7.3649542e+05	   2.6900000e+00	   8.6881391e+02	  -1.6200000e+02	  -2.3200000e+02	
   7.3649546e+05	   2.3600000e+00	   1.1198193e+03	  -8.0000000e+01	  -1.8100000e+02	
   7.3649550e+05	   2.4400000e+00	   1.0113014e+03	  -8.9000000e+01	  -8.8000000e+01	
   7.3649554e+05	   4.0200000e+00	   7.7974864e+02	  -2.3000000e+01	  -3.8000000e+01	
   7.3649558e+05	   2.9200000e+00	   1.3963295e+03	  -4.1000000e+01	  -1.4000000e+01	
   7.3649563e+05	   4.9300000e+00	   9.4197900e+02	   3.3000000e+01	  -2.0000000e+00	
   7.3649567e+05	   6.0800000e+00	   4.3000591e+02	   6.6000000e+01	   8.2000000e+01	
   7.3649571e+05	   5.4500000e+00	   2.0649846e+02	   1.0500000e+02	   5.8000000e+01	
   7.3649575e+05	   5.4100000e+00	   3.0291720e+02	   4.9000000e+01	   5.8000000e+01	
   7.3649579e+05	   4.4000000e+00	   4.8942731e+01	             NaN	             NaN	
   7.3649583e+05	   4.7500000e+00	   3.5340777e-02	             NaN	             NaN	
   7.3649588e+05	   4.4000000e+00	   1.9731301e-03	             NaN	             NaN	
   7.3649592e+05	   4.5900000e+00	   6.9737334e-03	  -1.8900000e+02	  -1.1900000e+02	
   7.3649596e+05	   4.8200000e+00	  -1.0475763e-02	  -1.5800000e+02	  -1.8500000e+02	
   7.3649600e+05	   4.4100000e+00	  -6.7131150e-03	  -7.9000000e+01	  -9.2000000e+01	
