200
210
200
190
180
175
165
160
165
170
170
175
170
175
180
164
153
156
165
178
190
185
195
200
205
210
200
195
180
175
165
160
165
170
170
175
170
175
180
165
155
155
150
160
170
190
210
224
222
218
200
190
180
170
164
160
180
186
188
185
180
180
180
170
155
150
140
150
155
165
185
195
205
210
200
190
175
165
155
150
155
170
170
175
180
173
170
165
158
140
130
125
130
154
165
179
188
195
198
190
175
164
155
144
141
150
168
180
189
190
179
166
138
130
125
112
116
121
132
145
175
185
182
170
172
161
151
148
150
156
176
185
200
205
195
180
165
152
140
140
140
139
160
185
200
220
220
220
200
170
160
160
158
161
175
190
205
210
201
194
180
170
160
146
135
130
149
170
190
210
223
216
190
160
142
140
140
150
160
170
190
210
220
210
180
160
142
130
130
139
152
163
180
190
200
220
200
176
156
140
140
140
145
160
180
195
210
220
210
190
170
150
140
135
140
160
185
193
202
212
200
180
160
140
135
138
145
160
180
190
198
210
200
180
160
142
148
150
160
165
170
190
200
210
200
185
165
145
130
132
140
150
168
180
190
200
210
195
180
160
145
140
153
160
170
180
185
195
200
180
170
150
135
130
130
145
155
165
178
198
210
200
180
165
155
150
160
170
180
183
190
190
200
203
190
170
155
145
145
150
163
167
178
192
205
215
200
190
185
175
170
180
190
195
190
180
170
180
190
180
168
160
150
140
145
150
155
165
175
190
185
180
175
170
165
180
185
190
185
180
175
180
185
180
170
170
175
170
170
175
180
180
185
195
205
210
215
215
210
210
215
210
205
205
195
195
190
190
195
200
205
200
195
190
190
185
190
195
205
210
215
210
205
215
210
210
210
205
200
195
185
180
185
195
195
187
185
180
175
167
173
170
170
170
180
190
198
203
205
210
195
185
175
175
170
160
160
170
175
170
160
155
145
138
130
120
110
120
145
160
175
190
195
185
175
165
155
145
135
130
140
155
160
170
180
175
160
140
125
115
110
115
120
135
150
170
180
185
175
165
150
135
120
115
120
130
150
170
175
180
165
145
125
110
100
115
125
135
155
177
190
197
194
180
168
153
131
110
110
125
130
130
135
140
150
160
140
125
120
125
130
140
168
185
200
210
210
206
190
175
170
165
160
165
180
200
215
235
250
240
220
192
165
145
140
150
169
188
205
220
230
225
215
200
180
170
160
150
165
180
200
225
245
235
210
198
175
160
150
145
155
170
190
200
210
225
205
190
175
160
150
145
155
160
170
190
210
230
225
210
185
170
150
135
130
140
155
170
180
190
185
165
155
148
140
132
125
135
145
160
185
210
220
210
185
170
160
150
140
140
155
165
180
200
205
183
170
158
155
150
152
150
148
158
180
210
220
220
200
185
175
170
170
176
185
170
180
190
200
195
175
165
155
150
150
159
160
165
175
190
210
230
235
220
210
200
190
195
210
200
190
180
170
165
155
150
145
145
155
150
135
125
125
120
135
150
160
175
185
185
180
170
170
165
157
150
140
130
125
120
110
100
100
98
95
90
90
85
90
100
115
120
125
130
140
140
135
130
130
125
120
115
115
110
105
100
100
105
100
100
98
98
100
105
107
115
125
130
135
137
143
145
135
135
130
125
125
120
120
115
115
117
117
115
115
110
110
108
115
118
125
137
145
150
